2.0	,10.0	
2.01	,-9.698	
2.0199999999999996	,-9.795999999999996	
2.0299999999999994	,-9.893999999999995	
2.039999999999999	,-9.991999999999994	
2.049999999999999	,-10.089999999999993	
2.0599999999999987	,-10.187999999999988	
2.0699999999999985	,-10.285999999999987	
2.0799999999999983	,-10.383999999999986	
2.089999999999998	,-10.481999999999982	
2.099999999999998	,-10.57999999999998	
2.1099999999999977	,-10.67799999999998	
2.1199999999999974	,-10.775999999999975	
2.1299999999999972	,-10.873999999999974	
2.139999999999997	,-10.971999999999973	
2.149999999999997	,-11.069999999999972	
2.1599999999999966	,-11.167999999999967	
2.1699999999999964	,-11.265999999999966	
2.179999999999996	,-11.363999999999965	
2.189999999999996	,-11.46199999999996	
2.1999999999999957	,-11.55999999999996	
2.2099999999999955	,-11.657999999999959	
2.2199999999999953	,-11.755999999999954	
2.229999999999995	,-11.853999999999953	
2.239999999999995	,-11.951999999999952	
2.2499999999999947	,-12.049999999999951	
2.2599999999999945	,-12.147999999999946	
2.2699999999999942	,-12.245999999999945	
2.279999999999994	,-12.343999999999944	
2.289999999999994	,-12.44199999999994	
2.2999999999999936	,-12.539999999999939	
2.3099999999999934	,-12.637999999999938	
2.319999999999993	,-12.735999999999933	
2.329999999999993	,-12.833999999999932	
2.3399999999999928	,-12.931999999999931	
2.3499999999999925	,-13.02999999999993	
2.3599999999999923	,-13.127999999999926	
2.369999999999992	,-13.225999999999924	
2.379999999999992	,-13.323999999999923	
2.3899999999999917	,-13.421999999999919	
2.3999999999999915	,-13.519999999999918	
2.4099999999999913	,-13.617999999999917	
2.419999999999991	,-13.715999999999912	
2.429999999999991	,-13.813999999999911	
2.4399999999999906	,-13.91199999999991	
2.4499999999999904	,-14.00999999999991	
2.45999999999999	,-14.107999999999905	
2.46999999999999	,-14.205999999999904	
2.4799999999999898	,-14.303999999999903	
2.4899999999999896	,-14.401999999999898	
2.4999999999999893	,-14.499999999999897	
2.509999999999989	,-14.597999999999896	
2.519999999999989	,-14.695999999999895	
2.5299999999999887	,-14.79399999999989	
2.5399999999999885	,-14.89199999999989	
2.5499999999999883	,-14.989999999999888	
2.559999999999988	,-15.087999999999884	
2.569999999999988	,-15.185999999999883	
2.5799999999999876	,-15.283999999999882	
2.5899999999999874	,-15.381999999999877	
2.599999999999987	,-15.479999999999876	
2.609999999999987	,-15.577999999999875	
2.619999999999987	,-15.675999999999874	
2.6299999999999866	,-15.77399999999987	
2.6399999999999864	,-15.871999999999868	
2.649999999999986	,-15.969999999999867	
2.659999999999986	,-16.067999999999863	
2.6699999999999857	,-16.165999999999862	
2.6799999999999855	,-16.26399999999986	
2.6899999999999853	,-16.361999999999856	
2.699999999999985	,-16.459999999999855	
2.709999999999985	,-16.557999999999854	
2.7199999999999847	,-16.655999999999853	
2.7299999999999844	,-16.75399999999985	
2.7399999999999842	,-16.851999999999848	
2.749999999999984	,-16.949999999999847	
2.759999999999984	,-17.047999999999842	
2.7699999999999836	,-17.14599999999984	
2.7799999999999834	,-17.24399999999984	
2.789999999999983	,-17.341999999999835	
2.799999999999983	,-17.439999999999834	
2.8099999999999827	,-17.537999999999833	
2.8199999999999825	,-17.635999999999832	
2.8299999999999823	,-17.733999999999828	
2.839999999999982	,-17.831999999999827	
2.849999999999982	,-17.929999999999826	
2.8599999999999817	,-18.02799999999982	
2.8699999999999815	,-18.12599999999982	
2.8799999999999812	,-18.22399999999982	
2.889999999999981	,-18.321999999999814	
2.899999999999981	,-18.419999999999813	
2.9099999999999806	,-18.517999999999812	
2.9199999999999804	,-18.61599999999981	
2.92999999999998	,-18.713999999999807	
2.93999999999998	,-18.811999999999806	
2.9499999999999797	,-18.909999999999805	
2.9599999999999795	,-19.0079999999998	
2.9699999999999793	,-19.1059999999998	
2.979999999999979	,-19.203999999999798	
2.989999999999979	,-19.301999999999794	
2.9999999999999787	,-19.399999999999793	
3.0099999999999785	,-19.49799999999979	
3.0199999999999783	,-19.59599999999979	
3.029999999999978	,-19.693999999999786	
3.039999999999978	,-19.791999999999785	
3.0499999999999776	,-19.889999999999784	
3.0599999999999774	,-19.98799999999978	
3.069999999999977	,-20.08599999999978	
3.079999999999977	,-20.183999999999777	
3.0899999999999768	,-20.281999999999776	
3.0999999999999766	,-20.37999999999977	
3.1099999999999763	,-20.47799999999977	
3.119999999999976	,-20.57599999999977	
3.129999999999976	,-20.673999999999765	
3.1399999999999757	,-20.771999999999764	
3.1499999999999755	,-20.869999999999763	
3.1599999999999753	,-20.96799999999976	
3.169999999999975	,-21.065999999999757	
3.179999999999975	,-21.163999999999756	
3.1899999999999746	,-21.261999999999755	
3.1999999999999744	,-21.35999999999975	
3.209999999999974	,-21.45799999999975	
3.219999999999974	,-21.55599999999975	
3.229999999999974	,-21.653999999999744	
3.2399999999999736	,-21.751999999999743	
3.2499999999999734	,-21.849999999999742	
3.259999999999973	,-21.947999999999737	
3.269999999999973	,-22.045999999999736	
3.2799999999999727	,-22.143999999999735	
3.2899999999999725	,-22.241999999999734	
3.2999999999999723	,-22.339999999999733	
3.309999999999972	,-22.437999999999725	
3.319999999999972	,-22.535999999999724	
3.3299999999999716	,-22.633999999999723	
3.3399999999999714	,-22.731999999999722	
3.3499999999999712	,-22.82999999999972	
3.359999999999971	,-22.92799999999972	
3.369999999999971	,-23.02599999999972	
3.3799999999999706	,-23.12399999999971	
3.3899999999999704	,-23.22199999999971	
3.39999999999997	,-23.31999999999971	
3.40999999999997	,-23.417999999999708	
3.4199999999999697	,-23.515999999999707	
3.4299999999999695	,-23.613999999999706	
3.4399999999999693	,-23.711999999999705	
3.449999999999969	,-23.809999999999697	
3.459999999999969	,-23.907999999999696	
3.4699999999999687	,-24.005999999999695	
3.4799999999999685	,-24.103999999999694	
3.4899999999999682	,-24.201999999999693	
3.499999999999968	,-24.29999999999969	
3.509999999999968	,-24.39799999999969	
3.5199999999999676	,-24.495999999999682	
3.5299999999999674	,-24.59399999999968	
3.539999999999967	,-24.69199999999968	
3.549999999999967	,-24.78999999999968	
3.5599999999999667	,-24.88799999999968	
3.5699999999999665	,-24.985999999999677	
3.5799999999999663	,-25.08399999999967	
3.589999999999966	,-25.181999999999668	
3.599999999999966	,-25.279999999999667	
3.6099999999999657	,-25.377999999999666	
3.6199999999999655	,-25.475999999999665	
3.6299999999999653	,-25.573999999999664	
3.639999999999965	,-25.671999999999663	
3.649999999999965	,-25.769999999999655	
3.6599999999999646	,-25.867999999999654	
3.6699999999999644	,-25.965999999999653	
3.679999999999964	,-26.063999999999652	
3.689999999999964	,-26.16199999999965	
3.6999999999999638	,-26.25999999999965	
3.7099999999999635	,-26.35799999999965	
3.7199999999999633	,-26.45599999999964	
3.729999999999963	,-26.55399999999964	
3.739999999999963	,-26.65199999999964	
3.7499999999999627	,-26.749999999999638	
3.7599999999999625	,-26.847999999999637	
3.7699999999999623	,-26.945999999999636	
3.779999999999962	,-27.043999999999627	
3.789999999999962	,-27.141999999999626	
3.7999999999999616	,-27.239999999999625	
3.8099999999999614	,-27.337999999999624	
3.819999999999961	,-27.435999999999623	
3.829999999999961	,-27.533999999999622	
3.839999999999961	,-27.63199999999962	
3.8499999999999606	,-27.729999999999613	
3.8599999999999604	,-27.827999999999612	
3.86999999999996	,-27.92599999999961	
3.87999999999996	,-28.02399999999961	
3.8899999999999597	,-28.12199999999961	
3.8999999999999595	,-28.219999999999608	
3.9099999999999593	,-28.317999999999607	
3.919999999999959	,-28.4159999999996	
3.929999999999959	,-28.513999999999598	
3.9399999999999586	,-28.611999999999597	
3.9499999999999584	,-28.709999999999596	
3.959999999999958	,-28.807999999999595	
3.969999999999958	,-28.905999999999594	
3.979999999999958	,-29.003999999999586	
3.9899999999999576	,-29.101999999999585	
3.9999999999999574	,-29.199999999999584	
4.009999999999957	,-29.297999999999583	
4.019999999999957	,-29.39599999999958	
4.029999999999957	,-29.49399999999958	
4.0399999999999565	,-29.59199999999958	
4.049999999999956	,-29.68999999999957	
4.059999999999956	,-29.78799999999957	
4.069999999999956	,-29.88599999999957	
4.079999999999956	,-29.98399999999957	
4.0899999999999554	,-30.081999999999567	
4.099999999999955	,-30.179999999999566	
4.109999999999955	,-30.277999999999565	
4.119999999999955	,-30.375999999999557	
4.129999999999955	,-30.473999999999556	
4.139999999999954	,-30.571999999999555	
4.149999999999954	,-30.669999999999554	
4.159999999999954	,-30.767999999999553	
4.169999999999954	,-30.865999999999552	
4.1799999999999535	,-30.96399999999955	
4.189999999999953	,-31.061999999999543	
4.199999999999953	,-31.159999999999542	
4.209999999999953	,-31.25799999999954	
4.219999999999953	,-31.35599999999954	
4.2299999999999525	,-31.45399999999954	
4.239999999999952	,-31.551999999999538	
4.249999999999952	,-31.64999999999953	
4.259999999999952	,-31.74799999999953	
4.269999999999952	,-31.845999999999528	
4.279999999999951	,-31.943999999999527	
4.289999999999951	,-32.041999999999526	
4.299999999999951	,-32.139999999999525	
4.309999999999951	,-32.23799999999952	
4.3199999999999505	,-32.335999999999515	
4.32999999999995	,-32.433999999999514	
4.33999999999995	,-32.53199999999951	
4.34999999999995	,-32.62999999999951	
4.35999999999995	,-32.72799999999951	
4.3699999999999495	,-32.82599999999951	
4.379999999999949	,-32.92399999999951	
4.389999999999949	,-33.0219999999995	
4.399999999999949	,-33.1199999999995	
4.409999999999949	,-33.2179999999995	
4.419999999999948	,-33.3159999999995	
4.429999999999948	,-33.4139999999995	
4.439999999999948	,-33.511999999999496	
4.449999999999948	,-33.60999999999949	
4.459999999999948	,-33.70799999999949	
4.469999999999947	,-33.805999999999486	
4.479999999999947	,-33.903999999999485	
4.489999999999947	,-34.001999999999484	
4.499999999999947	,-34.09999999999948	
4.5099999999999465	,-34.19799999999948	
4.519999999999946	,-34.295999999999474	
4.529999999999946	,-34.39399999999947	
4.539999999999946	,-34.49199999999947	
4.549999999999946	,-34.58999999999947	
4.559999999999945	,-34.68799999999947	
4.569999999999945	,-34.78599999999947	
4.579999999999945	,-34.88399999999947	
4.589999999999945	,-34.98199999999946	
4.599999999999945	,-35.07999999999946	
4.609999999999944	,-35.17799999999946	
4.619999999999944	,-35.275999999999456	
4.629999999999944	,-35.373999999999455	
4.639999999999944	,-35.471999999999454	
4.6499999999999435	,-35.56999999999945	
4.659999999999943	,-35.667999999999445	
4.669999999999943	,-35.765999999999444	
4.679999999999943	,-35.86399999999944	
4.689999999999943	,-35.96199999999944	
4.6999999999999424	,-36.05999999999944	
4.709999999999942	,-36.15799999999944	
4.719999999999942	,-36.25599999999943	
4.729999999999942	,-36.35399999999943	
4.739999999999942	,-36.45199999999943	
4.749999999999941	,-36.54999999999943	
4.759999999999941	,-36.64799999999943	
4.769999999999941	,-36.74599999999943	
4.779999999999941	,-36.843999999999426	
4.7899999999999405	,-36.94199999999942	
4.79999999999994	,-37.03999999999942	
4.80999999999994	,-37.137999999999415	
4.81999999999994	,-37.235999999999414	
4.82999999999994	,-37.33399999999941	
4.8399999999999395	,-37.43199999999941	
4.849999999999939	,-37.52999999999941	
4.859999999999939	,-37.6279999999994	
4.869999999999939	,-37.7259999999994	
4.879999999999939	,-37.8239999999994	
4.889999999999938	,-37.9219999999994	
4.899999999999938	,-38.0199999999994	
4.909999999999938	,-38.1179999999994	
4.919999999999938	,-38.21599999999939	
4.9299999999999375	,-38.31399999999939	
4.939999999999937	,-38.41199999999939	
4.949999999999937	,-38.50999999999939	
4.959999999999937	,-38.607999999999386	
4.969999999999937	,-38.705999999999385	
4.9799999999999365	,-38.803999999999384	
4.989999999999936	,-38.901999999999376	
4.999999999999936	,-38.999999999999375	
5.009999999999936	,-39.097999999999374	
5.019999999999936	,-39.19599999999937	
5.029999999999935	,-39.29399999999937	
5.039999999999935	,-39.39199999999937	
5.049999999999935	,-39.48999999999937	
5.059999999999935	,-39.58799999999936	
5.069999999999935	,-39.68599999999936	
5.079999999999934	,-39.78399999999936	
5.089999999999934	,-39.88199999999936	
5.099999999999934	,-39.97999999999936	
5.109999999999934	,-40.077999999999356	
5.1199999999999335	,-40.175999999999355	
5.129999999999933	,-40.27399999999935	
5.139999999999933	,-40.371999999999346	
5.149999999999933	,-40.469999999999345	
5.159999999999933	,-40.567999999999344	
5.169999999999932	,-40.66599999999934	
5.179999999999932	,-40.76399999999934	
5.189999999999932	,-40.861999999999334	
5.199999999999932	,-40.95999999999933	
5.209999999999932	,-41.05799999999933	
5.219999999999931	,-41.15599999999933	
5.229999999999931	,-41.25399999999933	
5.239999999999931	,-41.35199999999933	
5.249999999999931	,-41.44999999999933	
5.2599999999999305	,-41.54799999999932	
5.26999999999993	,-41.64599999999932	
5.27999999999993	,-41.74399999999932	
5.28999999999993	,-41.84199999999932	
5.29999999999993	,-41.939999999999316	
5.309999999999929	,-42.037999999999315	
5.319999999999929	,-42.135999999999314	
5.329999999999929	,-42.233999999999305	
5.339999999999929	,-42.331999999999304	
5.349999999999929	,-42.4299999999993	
5.359999999999928	,-42.5279999999993	
5.369999999999928	,-42.6259999999993	
5.379999999999928	,-42.7239999999993	
5.389999999999928	,-42.82199999999929	
5.3999999999999275	,-42.91999999999929	
5.409999999999927	,-43.01799999999929	
5.419999999999927	,-43.11599999999929	
5.429999999999927	,-43.21399999999929	
5.439999999999927	,-43.31199999999929	
5.4499999999999265	,-43.409999999999286	
5.459999999999926	,-43.50799999999928	
5.469999999999926	,-43.60599999999928	
5.479999999999926	,-43.703999999999276	
5.489999999999926	,-43.801999999999275	
5.499999999999925	,-43.899999999999274	
5.509999999999925	,-43.99799999999927	
5.519999999999925	,-44.09599999999927	
5.529999999999925	,-44.193999999999264	
5.5399999999999245	,-44.29199999999926	
5.549999999999924	,-44.38999999999926	
5.559999999999924	,-44.48799999999926	
5.569999999999924	,-44.58599999999926	
5.579999999999924	,-44.68399999999926	
5.5899999999999235	,-44.78199999999926	
5.599999999999923	,-44.87999999999925	
5.609999999999923	,-44.97799999999925	
5.619999999999923	,-45.07599999999925	
5.629999999999923	,-45.173999999999246	
5.639999999999922	,-45.271999999999245	
5.649999999999922	,-45.369999999999244	
5.659999999999922	,-45.467999999999236	
5.669999999999922	,-45.565999999999235	
5.679999999999922	,-45.663999999999234	
5.689999999999921	,-45.76199999999923	
5.699999999999921	,-45.85999999999923	
5.709999999999921	,-45.95799999999923	
5.719999999999921	,-46.05599999999923	
5.7299999999999205	,-46.15399999999922	
5.73999999999992	,-46.25199999999922	
5.74999999999992	,-46.34999999999922	
5.75999999999992	,-46.44799999999922	
5.76999999999992	,-46.54599999999922	
5.779999999999919	,-46.64399999999922	
5.789999999999919	,-46.741999999999216	
5.799999999999919	,-46.83999999999921	
5.809999999999919	,-46.93799999999921	
5.819999999999919	,-47.035999999999206	
5.829999999999918	,-47.133999999999205	
5.839999999999918	,-47.2319999999992	
5.849999999999918	,-47.3299999999992	
5.859999999999918	,-47.427999999999194	
5.8699999999999175	,-47.52599999999919	
5.879999999999917	,-47.62399999999919	
5.889999999999917	,-47.72199999999919	
5.899999999999917	,-47.81999999999919	
5.909999999999917	,-47.91799999999919	
5.919999999999916	,-48.01599999999919	
5.929999999999916	,-48.11399999999918	
5.939999999999916	,-48.21199999999918	
5.949999999999916	,-48.30999999999918	
5.959999999999916	,-48.40799999999918	
5.969999999999915	,-48.505999999999176	
5.979999999999915	,-48.603999999999175	
5.989999999999915	,-48.701999999999174	
5.999999999999915	,-48.799999999999166	
6.0099999999999145	,-48.897999999999165	
6.019999999999914	,-48.995999999999164	
6.029999999999914	,-49.09399999999916	
6.039999999999914	,-49.19199999999916	
6.049999999999914	,-49.28999999999916	
6.0599999999999135	,-49.38799999999916	
6.069999999999913	,-49.48599999999915	
6.079999999999913	,-49.58399999999915	
6.089999999999913	,-49.68199999999915	
6.099999999999913	,-49.77999999999915	
6.109999999999912	,-49.87799999999915	
6.119999999999912	,-49.975999999999146	
6.129999999999912	,-50.07399999999914	
6.139999999999912	,-50.17199999999914	
6.1499999999999115	,-50.269999999999136	
6.159999999999911	,-50.367999999999135	
6.169999999999911	,-50.465999999999134	
6.179999999999911	,-50.56399999999913	
6.189999999999911	,-50.66199999999913	
6.1999999999999105	,-50.759999999999124	
6.20999999999991	,-50.85799999999912	
6.21999999999991	,-50.95599999999912	
6.22999999999991	,-51.05399999999912	
6.23999999999991	,-51.15199999999912	
6.249999999999909	,-51.24999999999912	
6.259999999999909	,-51.34799999999912	
6.269999999999909	,-51.44599999999911	
6.279999999999909	,-51.54399999999911	
6.2899999999999086	,-51.64199999999911	
6.299999999999908	,-51.73999999999911	
6.309999999999908	,-51.837999999999106	
6.319999999999908	,-51.935999999999105	
6.329999999999908	,-52.0339999999991	
6.3399999999999075	,-52.131999999999096	
6.349999999999907	,-52.229999999999094	
6.359999999999907	,-52.32799999999909	
6.369999999999907	,-52.42599999999909	
6.379999999999907	,-52.52399999999909	
6.389999999999906	,-52.62199999999909	
6.399999999999906	,-52.71999999999908	
6.409999999999906	,-52.81799999999908	
6.419999999999906	,-52.91599999999908	
6.429999999999906	,-53.01399999999908	
6.439999999999905	,-53.11199999999908	
6.449999999999905	,-53.20999999999908	
6.459999999999905	,-53.307999999999076	
6.469999999999905	,-53.40599999999907	
6.4799999999999045	,-53.50399999999907	
6.489999999999904	,-53.601999999999066	
6.499999999999904	,-53.699999999999065	
6.509999999999904	,-53.797999999999064	
6.519999999999904	,-53.89599999999906	
6.529999999999903	,-53.99399999999906	
6.539999999999903	,-54.09199999999906	
6.549999999999903	,-54.18999999999906	
6.559999999999903	,-54.28799999999906	
6.569999999999903	,-54.38599999999904	
6.579999999999902	,-54.48399999999904	
6.589999999999902	,-54.58199999999904	
6.599999999999902	,-54.67999999999904	
6.609999999999902	,-54.77799999999904	
6.6199999999999015	,-54.87599999999904	
6.629999999999901	,-54.97399999999904	
6.639999999999901	,-55.071999999999036	
6.649999999999901	,-55.169999999999035	
6.659999999999901	,-55.267999999999034	
6.6699999999999005	,-55.36599999999903	
6.6799999999999	,-55.46399999999903	
6.6899999999999	,-55.56199999999903	
6.6999999999999	,-55.659999999999016	
6.7099999999999	,-55.757999999999015	
6.719999999999899	,-55.855999999999014	
6.729999999999899	,-55.95399999999901	
6.739999999999899	,-56.05199999999901	
6.749999999999899	,-56.14999999999901	
6.7599999999998985	,-56.24799999999901	
6.769999999999898	,-56.34599999999901	
6.779999999999898	,-56.44399999999901	
6.789999999999898	,-56.54199999999901	
6.799999999999898	,-56.639999999999006	
6.8099999999998975	,-56.737999999999005	
6.819999999999897	,-56.835999999999004	
6.829999999999897	,-56.933999999999	
6.839999999999897	,-57.03199999999899	
6.849999999999897	,-57.12999999999899	
6.859999999999896	,-57.227999999998985	
6.869999999999896	,-57.325999999998984	
6.879999999999896	,-57.42399999999898	
6.889999999999896	,-57.52199999999898	
6.8999999999998956	,-57.61999999999898	
6.909999999999895	,-57.71799999999898	
6.919999999999895	,-57.81599999999898	
6.929999999999895	,-57.91399999999898	
6.939999999999895	,-58.01199999999898	
6.9499999999998945	,-58.109999999998976	
6.959999999999894	,-58.207999999998975	
6.969999999999894	,-58.30599999999896	
6.979999999999894	,-58.40399999999896	
6.989999999999894	,-58.50199999999896	
6.999999999999893	,-58.59999999999896	
7.009999999999893	,-58.697999999998956	
7.019999999999893	,-58.795999999998955	
7.029999999999893	,-58.893999999998954	
7.039999999999893	,-58.99199999999895	
7.049999999999892	,-59.08999999999895	
7.059999999999892	,-59.18799999999895	
7.069999999999892	,-59.28599999999895	
7.079999999999892	,-59.38399999999895	
7.0899999999998915	,-59.48199999999895	
7.099999999999891	,-59.57999999999895	
7.109999999999891	,-59.67799999999893	
7.119999999999891	,-59.77599999999893	
7.129999999999891	,-59.87399999999893	
7.13999999999989	,-59.97199999999893	
7.14999999999989	,-60.06999999999893	
7.15999999999989	,-60.167999999998926	
7.16999999999989	,-60.265999999998925	
7.17999999999989	,-60.363999999998924	
7.189999999999889	,-60.46199999999892	
7.199999999999889	,-60.55999999999892	
7.209999999999889	,-60.65799999999892	
7.219999999999889	,-60.75599999999892	
7.2299999999998885	,-60.85399999999892	
7.239999999999888	,-60.951999999998904	
7.249999999999888	,-61.0499999999989	
7.259999999999888	,-61.1479999999989	
7.269999999999888	,-61.2459999999989	
7.2799999999998875	,-61.3439999999989	
7.289999999999887	,-61.4419999999989	
7.299999999999887	,-61.5399999999989	
7.309999999999887	,-61.6379999999989	
7.319999999999887	,-61.735999999998896	
7.329999999999886	,-61.833999999998895	
7.339999999999886	,-61.931999999998894	
7.349999999999886	,-62.02999999999889	
7.359999999999886	,-62.12799999999889	
7.3699999999998855	,-62.225999999998876	
7.379999999999885	,-62.323999999998875	
7.389999999999885	,-62.421999999998874	
7.399999999999885	,-62.51999999999887	
7.409999999999885	,-62.61799999999887	
7.4199999999998845	,-62.71599999999887	
7.429999999999884	,-62.81399999999887	
7.439999999999884	,-62.91199999999887	
7.449999999999884	,-63.00999999999887	
7.459999999999884	,-63.10799999999887	
7.469999999999883	,-63.205999999998866	
7.479999999999883	,-63.303999999998865	
7.489999999999883	,-63.401999999998864	
7.499999999999883	,-63.49999999999886	
7.5099999999998825	,-63.59799999999885	
7.519999999999882	,-63.69599999999885	
7.529999999999882	,-63.793999999998846	
7.539999999999882	,-63.891999999998845	
7.549999999999882	,-63.989999999998844	
7.5599999999998815	,-64.08799999999884	
7.569999999999881	,-64.18599999999884	
7.579999999999881	,-64.28399999999884	
7.589999999999881	,-64.38199999999884	
7.599999999999881	,-64.47999999999884	
7.60999999999988	,-64.57799999999884	
7.61999999999988	,-64.67599999999884	
7.62999999999988	,-64.77399999999884	
7.63999999999988	,-64.87199999999882	
7.64999999999988	,-64.96999999999882	
7.659999999999879	,-65.06799999999882	
7.669999999999879	,-65.16599999999882	
7.679999999999879	,-65.26399999999882	
7.689999999999879	,-65.36199999999882	
7.6999999999998785	,-65.45999999999881	
7.709999999999878	,-65.55799999999881	
7.719999999999878	,-65.65599999999881	
7.729999999999878	,-65.75399999999881	
7.739999999999878	,-65.85199999999881	
7.749999999999877	,-65.94999999999881	
7.759999999999877	,-66.04799999999881	
7.769999999999877	,-66.1459999999988	
7.779999999999877	,-66.24399999999879	
7.789999999999877	,-66.34199999999879	
7.799999999999876	,-66.43999999999879	
7.809999999999876	,-66.53799999999879	
7.819999999999876	,-66.63599999999879	
7.829999999999876	,-66.73399999999879	
7.8399999999998755	,-66.83199999999879	
7.849999999999875	,-66.92999999999878	
7.859999999999875	,-67.02799999999878	
7.869999999999875	,-67.12599999999878	
7.879999999999875	,-67.22399999999878	
7.8899999999998744	,-67.32199999999878	
7.899999999999874	,-67.41999999999878	
7.909999999999874	,-67.51799999999876	
7.919999999999874	,-67.61599999999876	
7.929999999999874	,-67.71399999999876	
7.939999999999873	,-67.81199999999876	
7.949999999999873	,-67.90999999999876	
7.959999999999873	,-68.00799999999876	
7.969999999999873	,-68.10599999999876	
7.9799999999998725	,-68.20399999999876	
7.989999999999872	,-68.30199999999876	
7.999999999999872	,-68.39999999999876	
8.009999999999872	,-68.49799999999875	
8.019999999999872	,-68.59599999999875	
8.029999999999871	,-68.69399999999875	
8.039999999999871	,-68.79199999999875	
8.049999999999871	,-68.88999999999874	
8.05999999999987	,-68.98799999999873	
8.06999999999987	,-69.08599999999873	
8.07999999999987	,-69.18399999999873	
8.08999999999987	,-69.28199999999873	
8.09999999999987	,-69.37999999999873	
8.10999999999987	,-69.47799999999873	
8.11999999999987	,-69.57599999999873	
8.12999999999987	,-69.67399999999873	
8.13999999999987	,-69.77199999999873	
8.149999999999869	,-69.86999999999873	
8.159999999999869	,-69.96799999999872	
8.169999999999868	,-70.06599999999872	
8.179999999999868	,-70.16399999999871	
8.189999999999868	,-70.26199999999871	
8.199999999999868	,-70.3599999999987	
8.209999999999868	,-70.4579999999987	
8.219999999999867	,-70.5559999999987	
8.229999999999867	,-70.6539999999987	
8.239999999999867	,-70.7519999999987	
8.249999999999867	,-70.8499999999987	
8.259999999999867	,-70.9479999999987	
8.269999999999866	,-71.0459999999987	
8.279999999999866	,-71.1439999999987	
8.289999999999866	,-71.2419999999987	
8.299999999999866	,-71.3399999999987	
8.309999999999865	,-71.43799999999868	
8.319999999999865	,-71.53599999999868	
8.329999999999865	,-71.63399999999868	
8.339999999999865	,-71.73199999999868	
8.349999999999865	,-71.82999999999868	
8.359999999999864	,-71.92799999999868	
8.369999999999864	,-72.02599999999867	
8.379999999999864	,-72.12399999999867	
8.389999999999864	,-72.22199999999867	
8.399999999999864	,-72.31999999999867	
8.409999999999863	,-72.41799999999867	
8.419999999999863	,-72.51599999999867	
8.429999999999863	,-72.61399999999867	
8.439999999999863	,-72.71199999999867	
8.449999999999863	,-72.80999999999865	
8.459999999999862	,-72.90799999999865	
8.469999999999862	,-73.00599999999865	
8.479999999999862	,-73.10399999999865	
8.489999999999862	,-73.20199999999865	
8.499999999999861	,-73.29999999999865	
8.509999999999861	,-73.39799999999865	
8.519999999999861	,-73.49599999999865	
8.52999999999986	,-73.59399999999864	
8.53999999999986	,-73.69199999999864	
8.54999999999986	,-73.78999999999864	
8.55999999999986	,-73.88799999999864	
8.56999999999986	,-73.98599999999864	
8.57999999999986	,-74.08399999999862	
8.58999999999986	,-74.18199999999862	
8.59999999999986	,-74.27999999999862	
8.609999999999859	,-74.37799999999862	
8.619999999999859	,-74.47599999999862	
8.629999999999859	,-74.57399999999862	
8.639999999999858	,-74.67199999999862	
8.649999999999858	,-74.76999999999862	
8.659999999999858	,-74.86799999999862	
8.669999999999858	,-74.96599999999862	
8.679999999999858	,-75.06399999999861	
8.689999999999857	,-75.16199999999861	
8.699999999999857	,-75.25999999999861	
8.709999999999857	,-75.35799999999861	
8.719999999999857	,-75.4559999999986	
8.729999999999857	,-75.5539999999986	
8.739999999999856	,-75.6519999999986	
8.749999999999856	,-75.7499999999986	
8.759999999999856	,-75.84799999999859	
8.769999999999856	,-75.94599999999859	
8.779999999999855	,-76.04399999999859	
8.789999999999855	,-76.14199999999859	
8.799999999999855	,-76.23999999999859	
8.809999999999855	,-76.33799999999859	
8.819999999999855	,-76.43599999999859	
8.829999999999854	,-76.53399999999858	
8.839999999999854	,-76.63199999999858	
8.849999999999854	,-76.72999999999857	
8.859999999999854	,-76.82799999999857	
8.869999999999854	,-76.92599999999857	
8.879999999999853	,-77.02399999999857	
8.889999999999853	,-77.12199999999856	
8.899999999999853	,-77.21999999999856	
8.909999999999853	,-77.31799999999856	
8.919999999999852	,-77.41599999999856	
8.929999999999852	,-77.51399999999856	
8.939999999999852	,-77.61199999999856	
8.949999999999852	,-77.70999999999856	
8.959999999999852	,-77.80799999999856	
8.969999999999851	,-77.90599999999856	
8.979999999999851	,-78.00399999999854	
8.989999999999851	,-78.10199999999854	
8.99999999999985	,-78.19999999999854	
9.00999999999985	,-78.29799999999854	
9.01999999999985	,-78.39599999999854	
9.02999999999985	,-78.49399999999854	
9.03999999999985	,-78.59199999999854	
9.04999999999985	,-78.68999999999853	
9.05999999999985	,-78.78799999999853	
9.06999999999985	,-78.88599999999853	
9.079999999999849	,-78.98399999999853	
9.089999999999849	,-79.08199999999853	
9.099999999999849	,-79.17999999999853	
9.109999999999848	,-79.27799999999853	
9.119999999999848	,-79.37599999999851	
9.129999999999848	,-79.47399999999851	
9.139999999999848	,-79.57199999999851	
9.149999999999848	,-79.66999999999851	
9.159999999999847	,-79.76799999999851	
9.169999999999847	,-79.86599999999851	
9.179999999999847	,-79.9639999999985	
9.189999999999847	,-80.0619999999985	
9.199999999999847	,-80.1599999999985	
9.209999999999846	,-80.2579999999985	
9.219999999999846	,-80.3559999999985	
9.229999999999846	,-80.4539999999985	
9.239999999999846	,-80.5519999999985	
9.249999999999845	,-80.64999999999849	
9.259999999999845	,-80.74799999999848	
9.269999999999845	,-80.84599999999848	
9.279999999999845	,-80.94399999999848	
9.289999999999845	,-81.04199999999848	
9.299999999999844	,-81.13999999999848	
9.309999999999844	,-81.23799999999848	
9.319999999999844	,-81.33599999999848	
9.329999999999844	,-81.43399999999848	
9.339999999999844	,-81.53199999999848	
9.349999999999843	,-81.62999999999847	
9.359999999999843	,-81.72799999999847	
9.369999999999843	,-81.82599999999847	
9.379999999999843	,-81.92399999999847	
9.389999999999842	,-82.02199999999846	
9.399999999999842	,-82.11999999999846	
9.409999999999842	,-82.21799999999845	
9.419999999999842	,-82.31599999999845	
9.429999999999842	,-82.41399999999845	
9.439999999999841	,-82.51199999999845	
9.449999999999841	,-82.60999999999845	
9.459999999999841	,-82.70799999999845	
9.46999999999984	,-82.80599999999845	
9.47999999999984	,-82.90399999999845	
9.48999999999984	,-83.00199999999845	
9.49999999999984	,-83.09999999999845	
9.50999999999984	,-83.19799999999844	
9.51999999999984	,-83.29599999999843	
9.52999999999984	,-83.39399999999843	
9.53999999999984	,-83.49199999999843	
9.549999999999839	,-83.58999999999843	
9.559999999999839	,-83.68799999999842	
9.569999999999839	,-83.78599999999842	
9.579999999999838	,-83.88399999999842	
9.589999999999838	,-83.98199999999842	
9.599999999999838	,-84.07999999999842	
9.609999999999838	,-84.17799999999842	
9.619999999999838	,-84.27599999999842	
9.629999999999837	,-84.37399999999842	
9.639999999999837	,-84.47199999999842	
9.649999999999837	,-84.56999999999842	
9.659999999999837	,-84.6679999999984	
9.669999999999837	,-84.7659999999984	
9.679999999999836	,-84.8639999999984	
9.689999999999836	,-84.9619999999984	
9.699999999999836	,-85.0599999999984	
9.709999999999836	,-85.1579999999984	
9.719999999999835	,-85.2559999999984	
9.729999999999835	,-85.3539999999984	
9.739999999999835	,-85.45199999999839	
9.749999999999835	,-85.54999999999839	
9.759999999999835	,-85.64799999999839	
9.769999999999834	,-85.74599999999839	
9.779999999999834	,-85.84399999999839	
9.789999999999834	,-85.94199999999837	
9.799999999999834	,-86.03999999999837	
9.809999999999834	,-86.13799999999837	
9.819999999999833	,-86.23599999999837	
9.829999999999833	,-86.33399999999837	
9.839999999999833	,-86.43199999999837	
9.849999999999833	,-86.52999999999837	
9.859999999999832	,-86.62799999999837	
9.869999999999832	,-86.72599999999836	
9.879999999999832	,-86.82399999999836	
9.889999999999832	,-86.92199999999836	
9.899999999999832	,-87.01999999999836	
9.909999999999831	,-87.11799999999836	
9.919999999999831	,-87.21599999999835	
9.929999999999831	,-87.31399999999834	
9.93999999999983	,-87.41199999999834	
9.94999999999983	,-87.50999999999834	
9.95999999999983	,-87.60799999999834	
9.96999999999983	,-87.70599999999834	
9.97999999999983	,-87.80399999999834	
9.98999999999983	,-87.90199999999834	
9.99999999999983	,-87.99999999999834	
10.00999999999983	,-88.09799999999834	
10.019999999999829	,-88.19599999999834	
10.029999999999829	,-88.29399999999833	
10.039999999999829	,-88.39199999999833	
10.049999999999828	,-88.48999999999833	
10.059999999999828	,-88.58799999999832	
10.069999999999828	,-88.68599999999832	
10.079999999999828	,-88.78399999999831	
10.089999999999828	,-88.88199999999831	
10.099999999999827	,-88.97999999999831	
10.109999999999827	,-89.07799999999831	
10.119999999999827	,-89.17599999999831	
10.129999999999827	,-89.27399999999831	
10.139999999999826	,-89.37199999999831	
10.149999999999826	,-89.46999999999831	
10.159999999999826	,-89.5679999999983	
10.169999999999826	,-89.6659999999983	
10.179999999999826	,-89.7639999999983	
10.189999999999825	,-89.86199999999829	
10.199999999999825	,-89.95999999999829	
10.209999999999825	,-90.05799999999829	
10.219999999999825	,-90.15599999999829	
10.229999999999825	,-90.25399999999829	
10.239999999999824	,-90.35199999999828	
10.249999999999824	,-90.44999999999828	
10.259999999999824	,-90.54799999999828	
10.269999999999824	,-90.64599999999828	
10.279999999999824	,-90.74399999999828	
10.289999999999823	,-90.84199999999828	
10.299999999999823	,-90.93999999999828	
10.309999999999823	,-91.03799999999828	
10.319999999999823	,-91.13599999999828	
10.329999999999822	,-91.23399999999826	
10.339999999999822	,-91.33199999999826	
10.349999999999822	,-91.42999999999826	
10.359999999999822	,-91.52799999999826	
10.369999999999822	,-91.62599999999826	
10.379999999999821	,-91.72399999999826	
10.389999999999821	,-91.82199999999825	
10.399999999999821	,-91.91999999999825	
10.40999999999982	,-92.01799999999825	
10.41999999999982	,-92.11599999999825	
10.42999999999982	,-92.21399999999825	
10.43999999999982	,-92.31199999999825	
10.44999999999982	,-92.40999999999825	
10.45999999999982	,-92.50799999999823	
10.46999999999982	,-92.60599999999823	
10.47999999999982	,-92.70399999999823	
10.489999999999819	,-92.80199999999823	
10.499999999999819	,-92.89999999999823	
10.509999999999819	,-92.99799999999823	
10.519999999999818	,-93.09599999999823	
10.529999999999818	,-93.19399999999823	
10.539999999999818	,-93.29199999999823	
10.549999999999818	,-93.38999999999822	
10.559999999999818	,-93.48799999999822	
10.569999999999817	,-93.58599999999822	
10.579999999999817	,-93.68399999999822	
10.589999999999817	,-93.78199999999822	
10.599999999999817	,-93.8799999999982	
10.609999999999816	,-93.9779999999982	
10.619999999999816	,-94.0759999999982	
10.629999999999816	,-94.1739999999982	
10.639999999999816	,-94.2719999999982	
10.649999999999816	,-94.3699999999982	
10.659999999999815	,-94.4679999999982	
10.669999999999815	,-94.5659999999982	
10.679999999999815	,-94.6639999999982	
10.689999999999815	,-94.7619999999982	
10.699999999999815	,-94.8599999999982	
10.709999999999814	,-94.9579999999982	
10.719999999999814	,-95.05599999999819	
10.729999999999814	,-95.15399999999818	
10.739999999999814	,-95.25199999999818	
10.749999999999813	,-95.34999999999818	
10.759999999999813	,-95.44799999999817	
10.769999999999813	,-95.54599999999817	
10.779999999999813	,-95.64399999999817	
10.789999999999813	,-95.74199999999817	
10.799999999999812	,-95.83999999999817	
10.809999999999812	,-95.93799999999817	
10.819999999999812	,-96.03599999999817	
10.829999999999812	,-96.13399999999817	
10.839999999999812	,-96.23199999999817	
10.849999999999811	,-96.32999999999817	
10.859999999999811	,-96.42799999999815	
10.869999999999811	,-96.52599999999815	
10.87999999999981	,-96.62399999999815	
10.88999999999981	,-96.72199999999815	
10.89999999999981	,-96.81999999999815	
10.90999999999981	,-96.91799999999814	
10.91999999999981	,-97.01599999999814	
10.92999999999981	,-97.11399999999814	
10.93999999999981	,-97.21199999999814	
10.94999999999981	,-97.30999999999814	
10.959999999999809	,-97.40799999999814	
10.969999999999809	,-97.50599999999814	
10.979999999999809	,-97.60399999999814	
10.989999999999808	,-97.70199999999814	
10.999999999999808	,-97.79999999999812	
11.009999999999808	,-97.89799999999812	
11.019999999999808	,-97.99599999999812	
11.029999999999808	,-98.09399999999812	
11.039999999999807	,-98.19199999999812	
11.049999999999807	,-98.28999999999812	
11.059999999999807	,-98.38799999999812	
11.069999999999807	,-98.48599999999811	
11.079999999999806	,-98.58399999999811	
11.089999999999806	,-98.68199999999811	
11.099999999999806	,-98.77999999999811	
11.109999999999806	,-98.87799999999811	
11.119999999999806	,-98.97599999999811	
11.129999999999805	,-99.0739999999981	
11.139999999999805	,-99.17199999999809	
11.149999999999805	,-99.26999999999809	
11.159999999999805	,-99.36799999999809	
11.169999999999805	,-99.46599999999809	
11.179999999999804	,-99.56399999999809	
