2.0	,10.0	
2.01	,9.902	
2.0199999999999996	,9.803999999999998	
2.0299999999999994	,9.705999999999998	
2.039999999999999	,9.607999999999997	
2.049999999999999	,9.509999999999996	
2.0599999999999987	,9.411999999999995	
2.0699999999999985	,9.313999999999995	
2.0799999999999983	,9.215999999999994	
2.089999999999998	,9.117999999999993	
2.099999999999998	,9.019999999999992	
2.1099999999999977	,8.921999999999992	
2.1199999999999974	,8.823999999999991	
2.1299999999999972	,8.72599999999999	
2.139999999999997	,8.62799999999999	
2.149999999999997	,8.529999999999989	
2.1599999999999966	,8.431999999999988	
2.1699999999999964	,8.333999999999987	
2.179999999999996	,8.235999999999986	
2.189999999999996	,8.137999999999986	
2.1999999999999957	,8.039999999999985	
2.2099999999999955	,7.941999999999985	
2.2199999999999953	,7.843999999999985	
2.229999999999995	,7.745999999999985	
2.239999999999995	,7.6479999999999855	
2.2499999999999947	,7.549999999999986	
2.2599999999999945	,7.451999999999986	
2.2699999999999942	,7.353999999999986	
2.279999999999994	,7.255999999999986	
2.289999999999994	,7.157999999999986	
2.2999999999999936	,7.059999999999986	
2.3099999999999934	,6.961999999999986	
2.319999999999993	,6.863999999999987	
2.329999999999993	,6.765999999999987	
2.3399999999999928	,6.667999999999987	
2.3499999999999925	,6.569999999999987	
2.3599999999999923	,6.471999999999987	
2.369999999999992	,6.373999999999987	
2.379999999999992	,6.275999999999987	
2.3899999999999917	,6.1779999999999875	
2.3999999999999915	,6.079999999999988	
2.4099999999999913	,5.981999999999988	
2.419999999999991	,5.883999999999988	
2.429999999999991	,5.785999999999988	
2.4399999999999906	,5.687999999999988	
2.4499999999999904	,5.589999999999988	
2.45999999999999	,5.4919999999999884	
2.46999999999999	,5.393999999999989	
2.4799999999999898	,5.295999999999989	
2.4899999999999896	,5.197999999999989	
2.4999999999999893	,5.099999999999989	
2.509999999999989	,5.001999999999989	
2.519999999999989	,4.903999999999989	
2.5299999999999887	,4.805999999999989	
2.5399999999999885	,4.7079999999999895	
2.5499999999999883	,4.60999999999999	
2.559999999999988	,4.51199999999999	
2.569999999999988	,4.41399999999999	
2.5799999999999876	,4.31599999999999	
2.5899999999999874	,4.21799999999999	
2.599999999999987	,4.11999999999999	
2.609999999999987	,4.0219999999999905	
2.619999999999987	,3.9239999999999906	
2.6299999999999866	,3.8259999999999907	
2.6399999999999864	,3.727999999999991	
2.649999999999986	,3.629999999999991	
2.659999999999986	,3.531999999999991	
2.6699999999999857	,3.4339999999999913	
2.6799999999999855	,3.3359999999999914	
2.6899999999999853	,3.2379999999999916	
2.699999999999985	,3.1399999999999917	
2.709999999999985	,3.041999999999992	
2.7199999999999847	,2.943999999999992	
2.7299999999999844	,2.845999999999992	
2.7399999999999842	,2.7479999999999922	
2.749999999999984	,2.6499999999999924	
2.759999999999984	,2.5519999999999925	
2.7699999999999836	,2.4539999999999926	
2.7799999999999834	,2.3559999999999928	
2.789999999999983	,2.257999999999993	
2.799999999999983	,2.159999999999993	
2.8099999999999827	,2.061999999999993	
2.8199999999999825	,1.963999999999993	
2.8299999999999823	,1.865999999999993	
2.839999999999982	,1.767999999999993	
2.849999999999982	,1.6699999999999928	
2.8599999999999817	,1.5719999999999927	
2.8699999999999815	,1.4739999999999926	
2.8799999999999812	,1.3759999999999926	
2.889999999999981	,1.2779999999999925	
2.899999999999981	,1.1799999999999924	
2.9099999999999806	,1.0819999999999923	
2.9199999999999804	,0.9839999999999923	
2.92999999999998	,0.8859999999999923	
2.93999999999998	,0.7879999999999924	
2.9499999999999797	,0.6899999999999924	
2.9599999999999795	,0.5919999999999924	
2.9699999999999793	,0.49399999999999245	
2.979999999999979	,0.39599999999999247	
2.989999999999979	,0.2979999999999925	
2.9999999999999787	,0.1999999999999925	
3.0099999999999785	,0.10199999999999249	
3.0199999999999783	,0.003999999999992482	
3.029999999999978	,-0.09400000000000752	
3.039999999999978	,-0.19200000000000753	
3.0499999999999776	,-0.29000000000000753	
3.0599999999999774	,-0.38800000000000756	
3.069999999999977	,-0.48600000000000754	
3.079999999999977	,-0.5840000000000075	
3.0899999999999768	,-0.6820000000000075	
3.0999999999999766	,-0.7800000000000075	
3.1099999999999763	,-0.8780000000000074	
3.119999999999976	,-0.9760000000000074	
3.129999999999976	,-1.0740000000000074	
3.1399999999999757	,-1.1720000000000075	
3.1499999999999755	,-1.2700000000000076	
3.1599999999999753	,-1.3680000000000077	
3.169999999999975	,-1.4660000000000077	
3.179999999999975	,-1.5640000000000078	
3.1899999999999746	,-1.662000000000008	
3.1999999999999744	,-1.760000000000008	
3.209999999999974	,-1.858000000000008	
3.219999999999974	,-1.9560000000000082	
3.229999999999974	,-2.0540000000000083	
3.2399999999999736	,-2.152000000000008	
3.2499999999999734	,-2.250000000000008	
3.259999999999973	,-2.348000000000008	
3.269999999999973	,-2.4460000000000077	
3.2799999999999727	,-2.5440000000000076	
3.2899999999999725	,-2.6420000000000075	
3.2999999999999723	,-2.7400000000000073	
3.309999999999972	,-2.838000000000007	
3.319999999999972	,-2.936000000000007	
3.3299999999999716	,-3.034000000000007	
3.3399999999999714	,-3.132000000000007	
3.3499999999999712	,-3.2300000000000066	
3.359999999999971	,-3.3280000000000065	
3.369999999999971	,-3.4260000000000064	
3.3799999999999706	,-3.5240000000000062	
3.3899999999999704	,-3.622000000000006	
3.39999999999997	,-3.720000000000006	
3.40999999999997	,-3.818000000000006	
3.4199999999999697	,-3.9160000000000057	
3.4299999999999695	,-4.014000000000006	
3.4399999999999693	,-4.112000000000005	
3.449999999999969	,-4.210000000000005	
3.459999999999969	,-4.308000000000005	
3.4699999999999687	,-4.406000000000005	
3.4799999999999685	,-4.504000000000005	
3.4899999999999682	,-4.602000000000005	
3.499999999999968	,-4.700000000000005	
3.509999999999968	,-4.7980000000000045	
3.5199999999999676	,-4.896000000000004	
3.5299999999999674	,-4.994000000000004	
3.539999999999967	,-5.092000000000004	
3.549999999999967	,-5.190000000000004	
3.5599999999999667	,-5.288000000000004	
3.5699999999999665	,-5.386000000000004	
3.5799999999999663	,-5.4840000000000035	
3.589999999999966	,-5.582000000000003	
3.599999999999966	,-5.680000000000003	
3.6099999999999657	,-5.778000000000003	
3.6199999999999655	,-5.876000000000003	
3.6299999999999653	,-5.974000000000003	
3.639999999999965	,-6.072000000000003	
3.649999999999965	,-6.170000000000003	
3.6599999999999646	,-6.2680000000000025	
3.6699999999999644	,-6.366000000000002	
3.679999999999964	,-6.464000000000002	
3.689999999999964	,-6.562000000000002	
3.6999999999999638	,-6.660000000000002	
3.7099999999999635	,-6.758000000000002	
3.7199999999999633	,-6.856000000000002	
3.729999999999963	,-6.9540000000000015	
3.739999999999963	,-7.052000000000001	
3.7499999999999627	,-7.150000000000001	
3.7599999999999625	,-7.248000000000001	
3.7699999999999623	,-7.346000000000001	
3.779999999999962	,-7.444000000000001	
3.789999999999962	,-7.542000000000001	
3.7999999999999616	,-7.640000000000001	
3.8099999999999614	,-7.738	
3.819999999999961	,-7.836	
3.829999999999961	,-7.934	
3.839999999999961	,-8.032	
3.8499999999999606	,-8.13	
3.8599999999999604	,-8.228000000000002	
3.86999999999996	,-8.326000000000002	
3.87999999999996	,-8.424000000000003	
3.8899999999999597	,-8.522000000000004	
3.8999999999999595	,-8.620000000000005	
3.9099999999999593	,-8.718000000000005	
3.919999999999959	,-8.816000000000006	
3.929999999999959	,-8.914000000000007	
3.9399999999999586	,-9.012000000000008	
3.9499999999999584	,-9.110000000000008	
3.959999999999958	,-9.208000000000009	
3.969999999999958	,-9.30600000000001	
3.979999999999958	,-9.40400000000001	
3.9899999999999576	,-9.502000000000011	
3.9999999999999574	,-9.600000000000012	
4.009999999999957	,-9.698000000000013	
4.019999999999957	,-9.796000000000014	
4.029999999999957	,-9.894000000000014	
4.0399999999999565	,-9.992000000000015	
4.049999999999956	,-10.090000000000016	
4.059999999999956	,-10.188000000000017	
4.069999999999956	,-10.286000000000017	
4.079999999999956	,-10.384000000000018	
4.0899999999999554	,-10.482000000000019	
4.099999999999955	,-10.58000000000002	
4.109999999999955	,-10.67800000000002	
4.119999999999955	,-10.776000000000021	
4.129999999999955	,-10.874000000000022	
4.139999999999954	,-10.972000000000023	
4.149999999999954	,-11.070000000000023	
4.159999999999954	,-11.168000000000024	
4.169999999999954	,-11.266000000000025	
4.1799999999999535	,-11.364000000000026	
4.189999999999953	,-11.462000000000026	
4.199999999999953	,-11.560000000000027	
4.209999999999953	,-11.658000000000028	
4.219999999999953	,-11.756000000000029	
4.2299999999999525	,-11.85400000000003	
4.239999999999952	,-11.95200000000003	
4.249999999999952	,-12.050000000000031	
4.259999999999952	,-12.148000000000032	
4.269999999999952	,-12.246000000000032	
4.279999999999951	,-12.344000000000033	
4.289999999999951	,-12.442000000000034	
4.299999999999951	,-12.540000000000035	
4.309999999999951	,-12.638000000000035	
4.3199999999999505	,-12.736000000000036	
4.32999999999995	,-12.834000000000037	
4.33999999999995	,-12.932000000000038	
4.34999999999995	,-13.030000000000038	
4.35999999999995	,-13.12800000000004	
4.3699999999999495	,-13.22600000000004	
4.379999999999949	,-13.32400000000004	
4.389999999999949	,-13.422000000000041	
4.399999999999949	,-13.520000000000042	
4.409999999999949	,-13.618000000000043	
4.419999999999948	,-13.716000000000044	
4.429999999999948	,-13.814000000000044	
4.439999999999948	,-13.912000000000045	
4.449999999999948	,-14.010000000000046	
4.459999999999948	,-14.108000000000047	
4.469999999999947	,-14.206000000000047	
4.479999999999947	,-14.304000000000048	
4.489999999999947	,-14.402000000000049	
4.499999999999947	,-14.50000000000005	
4.5099999999999465	,-14.59800000000005	
4.519999999999946	,-14.696000000000051	
4.529999999999946	,-14.794000000000052	
4.539999999999946	,-14.892000000000053	
4.549999999999946	,-14.990000000000054	
4.559999999999945	,-15.088000000000054	
4.569999999999945	,-15.186000000000055	
4.579999999999945	,-15.284000000000056	
4.589999999999945	,-15.382000000000057	
4.599999999999945	,-15.480000000000057	
4.609999999999944	,-15.578000000000058	
4.619999999999944	,-15.676000000000059	
4.629999999999944	,-15.77400000000006	
4.639999999999944	,-15.87200000000006	
4.6499999999999435	,-15.970000000000061	
4.659999999999943	,-16.068000000000062	
4.669999999999943	,-16.16600000000006	
4.679999999999943	,-16.26400000000006	
4.689999999999943	,-16.36200000000006	
4.6999999999999424	,-16.460000000000058	
4.709999999999942	,-16.558000000000057	
4.719999999999942	,-16.656000000000056	
4.729999999999942	,-16.754000000000055	
4.739999999999942	,-16.852000000000054	
4.749999999999941	,-16.950000000000053	
4.759999999999941	,-17.04800000000005	
4.769999999999941	,-17.14600000000005	
4.779999999999941	,-17.24400000000005	
4.7899999999999405	,-17.34200000000005	
4.79999999999994	,-17.440000000000047	
4.80999999999994	,-17.538000000000046	
4.81999999999994	,-17.636000000000045	
4.82999999999994	,-17.734000000000044	
4.8399999999999395	,-17.832000000000043	
4.849999999999939	,-17.930000000000042	
4.859999999999939	,-18.02800000000004	
4.869999999999939	,-18.12600000000004	
4.879999999999939	,-18.22400000000004	
4.889999999999938	,-18.32200000000004	
4.899999999999938	,-18.420000000000037	
4.909999999999938	,-18.518000000000036	
4.919999999999938	,-18.616000000000035	
4.9299999999999375	,-18.714000000000034	
4.939999999999937	,-18.812000000000033	
4.949999999999937	,-18.910000000000032	
4.959999999999937	,-19.00800000000003	
4.969999999999937	,-19.10600000000003	
4.9799999999999365	,-19.20400000000003	
4.989999999999936	,-19.302000000000028	
4.999999999999936	,-19.400000000000027	
5.009999999999936	,-19.498000000000026	
5.019999999999936	,-19.596000000000025	
5.029999999999935	,-19.694000000000024	
5.039999999999935	,-19.792000000000023	
5.049999999999935	,-19.890000000000022	
5.059999999999935	,-19.98800000000002	
5.069999999999935	,-20.08600000000002	
5.079999999999934	,-20.18400000000002	
5.089999999999934	,-20.282000000000018	
5.099999999999934	,-20.380000000000017	
5.109999999999934	,-20.478000000000016	
5.1199999999999335	,-20.576000000000015	
5.129999999999933	,-20.674000000000014	
5.139999999999933	,-20.772000000000013	
5.149999999999933	,-20.87000000000001	
5.159999999999933	,-20.96800000000001	
5.169999999999932	,-21.06600000000001	
5.179999999999932	,-21.16400000000001	
5.189999999999932	,-21.262000000000008	
5.199999999999932	,-21.360000000000007	
5.209999999999932	,-21.458000000000006	
5.219999999999931	,-21.556000000000004	
5.229999999999931	,-21.654000000000003	
5.239999999999931	,-21.752000000000002	
5.249999999999931	,-21.85	
5.2599999999999305	,-21.948	
5.26999999999993	,-22.046	
5.27999999999993	,-22.144	
5.28999999999993	,-22.241999999999997	
5.29999999999993	,-22.339999999999996	
5.309999999999929	,-22.437999999999995	
5.319999999999929	,-22.535999999999994	
5.329999999999929	,-22.633999999999993	
5.339999999999929	,-22.731999999999992	
5.349999999999929	,-22.82999999999999	
5.359999999999928	,-22.92799999999999	
5.369999999999928	,-23.02599999999999	
5.379999999999928	,-23.123999999999988	
5.389999999999928	,-23.221999999999987	
5.3999999999999275	,-23.319999999999986	
5.409999999999927	,-23.417999999999985	
5.419999999999927	,-23.515999999999984	
5.429999999999927	,-23.613999999999983	
5.439999999999927	,-23.711999999999982	
5.4499999999999265	,-23.80999999999998	
5.459999999999926	,-23.90799999999998	
5.469999999999926	,-24.00599999999998	
5.479999999999926	,-24.103999999999978	
5.489999999999926	,-24.201999999999977	
5.499999999999925	,-24.299999999999976	
5.509999999999925	,-24.397999999999975	
5.519999999999925	,-24.495999999999974	
5.529999999999925	,-24.593999999999973	
5.5399999999999245	,-24.69199999999997	
5.549999999999924	,-24.78999999999997	
5.559999999999924	,-24.88799999999997	
5.569999999999924	,-24.98599999999997	
5.579999999999924	,-25.083999999999968	
5.5899999999999235	,-25.181999999999967	
5.599999999999923	,-25.279999999999966	
5.609999999999923	,-25.377999999999965	
5.619999999999923	,-25.475999999999964	
5.629999999999923	,-25.573999999999963	
5.639999999999922	,-25.67199999999996	
5.649999999999922	,-25.76999999999996	
5.659999999999922	,-25.86799999999996	
5.669999999999922	,-25.96599999999996	
5.679999999999922	,-26.063999999999957	
5.689999999999921	,-26.161999999999956	
5.699999999999921	,-26.259999999999955	
5.709999999999921	,-26.357999999999954	
5.719999999999921	,-26.455999999999953	
5.7299999999999205	,-26.553999999999952	
5.73999999999992	,-26.65199999999995	
5.74999999999992	,-26.74999999999995	
5.75999999999992	,-26.84799999999995	
5.76999999999992	,-26.945999999999948	
5.779999999999919	,-27.043999999999947	
5.789999999999919	,-27.141999999999946	
5.799999999999919	,-27.239999999999945	
5.809999999999919	,-27.337999999999944	
5.819999999999919	,-27.435999999999943	
5.829999999999918	,-27.533999999999942	
5.839999999999918	,-27.63199999999994	
5.849999999999918	,-27.72999999999994	
5.859999999999918	,-27.82799999999994	
5.8699999999999175	,-27.925999999999938	
5.879999999999917	,-28.023999999999937	
5.889999999999917	,-28.121999999999936	
5.899999999999917	,-28.219999999999935	
5.909999999999917	,-28.317999999999934	
5.919999999999916	,-28.415999999999933	
5.929999999999916	,-28.513999999999932	
5.939999999999916	,-28.61199999999993	
5.949999999999916	,-28.70999999999993	
5.959999999999916	,-28.80799999999993	
5.969999999999915	,-28.905999999999928	
5.979999999999915	,-29.003999999999927	
5.989999999999915	,-29.101999999999926	
5.999999999999915	,-29.199999999999925	
6.0099999999999145	,-29.297999999999924	
6.019999999999914	,-29.395999999999923	
6.029999999999914	,-29.49399999999992	
6.039999999999914	,-29.59199999999992	
6.049999999999914	,-29.68999999999992	
6.0599999999999135	,-29.78799999999992	
6.069999999999913	,-29.885999999999918	
6.079999999999913	,-29.983999999999916	
6.089999999999913	,-30.081999999999915	
6.099999999999913	,-30.179999999999914	
6.109999999999912	,-30.277999999999913	
6.119999999999912	,-30.375999999999912	
6.129999999999912	,-30.47399999999991	
6.139999999999912	,-30.57199999999991	
6.1499999999999115	,-30.66999999999991	
6.159999999999911	,-30.76799999999991	
6.169999999999911	,-30.865999999999907	
6.179999999999911	,-30.963999999999906	
6.189999999999911	,-31.061999999999905	
6.1999999999999105	,-31.159999999999904	
6.20999999999991	,-31.257999999999903	
6.21999999999991	,-31.355999999999902	
6.22999999999991	,-31.4539999999999	
6.23999999999991	,-31.5519999999999	
6.249999999999909	,-31.6499999999999	
6.259999999999909	,-31.747999999999898	
6.269999999999909	,-31.845999999999897	
6.279999999999909	,-31.943999999999896	
6.2899999999999086	,-32.041999999999895	
6.299999999999908	,-32.139999999999894	
6.309999999999908	,-32.23799999999989	
6.319999999999908	,-32.33599999999989	
6.329999999999908	,-32.43399999999989	
6.3399999999999075	,-32.53199999999989	
6.349999999999907	,-32.62999999999989	
6.359999999999907	,-32.72799999999989	
6.369999999999907	,-32.82599999999989	
6.379999999999907	,-32.923999999999886	
6.389999999999906	,-33.021999999999885	
6.399999999999906	,-33.119999999999884	
6.409999999999906	,-33.21799999999988	
6.419999999999906	,-33.31599999999988	
6.429999999999906	,-33.41399999999988	
6.439999999999905	,-33.51199999999988	
6.449999999999905	,-33.60999999999988	
6.459999999999905	,-33.70799999999988	
6.469999999999905	,-33.80599999999988	
6.4799999999999045	,-33.903999999999876	
6.489999999999904	,-34.001999999999875	
6.499999999999904	,-34.09999999999987	
6.509999999999904	,-34.19799999999987	
6.519999999999904	,-34.29599999999987	
6.529999999999903	,-34.39399999999987	
6.539999999999903	,-34.49199999999987	
6.549999999999903	,-34.58999999999987	
6.559999999999903	,-34.68799999999987	
6.569999999999903	,-34.785999999999866	
6.579999999999902	,-34.883999999999865	
6.589999999999902	,-34.981999999999864	
6.599999999999902	,-35.07999999999986	
6.609999999999902	,-35.17799999999986	
6.6199999999999015	,-35.27599999999986	
6.629999999999901	,-35.37399999999986	
6.639999999999901	,-35.47199999999986	
6.649999999999901	,-35.56999999999986	
6.659999999999901	,-35.66799999999986	
6.6699999999999005	,-35.765999999999856	
6.6799999999999	,-35.863999999999855	
6.6899999999999	,-35.961999999999854	
6.6999999999999	,-36.05999999999985	
6.7099999999999	,-36.15799999999985	
6.719999999999899	,-36.25599999999985	
6.729999999999899	,-36.35399999999985	
6.739999999999899	,-36.45199999999985	
6.749999999999899	,-36.54999999999985	
6.7599999999998985	,-36.64799999999985	
6.769999999999898	,-36.745999999999846	
6.779999999999898	,-36.843999999999845	
6.789999999999898	,-36.941999999999844	
6.799999999999898	,-37.03999999999984	
6.8099999999998975	,-37.13799999999984	
6.819999999999897	,-37.23599999999984	
6.829999999999897	,-37.33399999999984	
6.839999999999897	,-37.43199999999984	
6.849999999999897	,-37.52999999999984	
6.859999999999896	,-37.62799999999984	
6.869999999999896	,-37.725999999999836	
6.879999999999896	,-37.823999999999835	
6.889999999999896	,-37.921999999999834	
6.8999999999998956	,-38.01999999999983	
6.909999999999895	,-38.11799999999983	
6.919999999999895	,-38.21599999999983	
6.929999999999895	,-38.31399999999983	
6.939999999999895	,-38.41199999999983	
6.9499999999998945	,-38.50999999999983	
6.959999999999894	,-38.60799999999983	
6.969999999999894	,-38.705999999999825	
6.979999999999894	,-38.803999999999824	
6.989999999999894	,-38.90199999999982	
6.999999999999893	,-38.99999999999982	
7.009999999999893	,-39.09799999999982	
7.019999999999893	,-39.19599999999982	
7.029999999999893	,-39.29399999999982	
7.039999999999893	,-39.39199999999982	
7.049999999999892	,-39.48999999999982	
7.059999999999892	,-39.587999999999816	
7.069999999999892	,-39.685999999999815	
7.079999999999892	,-39.783999999999814	
7.0899999999998915	,-39.88199999999981	
7.099999999999891	,-39.97999999999981	
7.109999999999891	,-40.07799999999981	
7.119999999999891	,-40.17599999999981	
7.129999999999891	,-40.27399999999981	
7.13999999999989	,-40.37199999999981	
7.14999999999989	,-40.46999999999981	
7.15999999999989	,-40.567999999999806	
7.16999999999989	,-40.665999999999805	
7.17999999999989	,-40.763999999999804	
7.189999999999889	,-40.8619999999998	
7.199999999999889	,-40.9599999999998	
7.209999999999889	,-41.0579999999998	
7.219999999999889	,-41.1559999999998	
7.2299999999998885	,-41.2539999999998	
7.239999999999888	,-41.3519999999998	
7.249999999999888	,-41.4499999999998	
7.259999999999888	,-41.547999999999796	
7.269999999999888	,-41.645999999999795	
7.2799999999998875	,-41.743999999999794	
7.289999999999887	,-41.84199999999979	
7.299999999999887	,-41.93999999999979	
7.309999999999887	,-42.03799999999979	
7.319999999999887	,-42.13599999999979	
7.329999999999886	,-42.23399999999979	
7.339999999999886	,-42.33199999999979	
7.349999999999886	,-42.42999999999979	
7.359999999999886	,-42.527999999999786	
7.3699999999998855	,-42.625999999999785	
7.379999999999885	,-42.72399999999978	
7.389999999999885	,-42.82199999999978	
7.399999999999885	,-42.91999999999978	
7.409999999999885	,-43.01799999999978	
7.4199999999998845	,-43.11599999999978	
7.429999999999884	,-43.21399999999978	
7.439999999999884	,-43.31199999999978	
7.449999999999884	,-43.409999999999776	
7.459999999999884	,-43.507999999999775	
7.469999999999883	,-43.605999999999774	
7.479999999999883	,-43.70399999999977	
7.489999999999883	,-43.80199999999977	
7.499999999999883	,-43.89999999999977	
7.5099999999998825	,-43.99799999999977	
7.519999999999882	,-44.09599999999977	
7.529999999999882	,-44.19399999999977	
7.539999999999882	,-44.29199999999977	
7.549999999999882	,-44.389999999999766	
7.5599999999998815	,-44.487999999999765	
7.569999999999881	,-44.585999999999764	
7.579999999999881	,-44.68399999999976	
7.589999999999881	,-44.78199999999976	
7.599999999999881	,-44.87999999999976	
7.60999999999988	,-44.97799999999976	
7.61999999999988	,-45.07599999999976	
7.62999999999988	,-45.17399999999976	
7.63999999999988	,-45.27199999999976	
7.64999999999988	,-45.369999999999756	
7.659999999999879	,-45.467999999999755	
7.669999999999879	,-45.565999999999754	
7.679999999999879	,-45.66399999999975	
7.689999999999879	,-45.76199999999975	
7.6999999999998785	,-45.85999999999975	
7.709999999999878	,-45.95799999999975	
7.719999999999878	,-46.05599999999975	
7.729999999999878	,-46.15399999999975	
7.739999999999878	,-46.25199999999975	
7.749999999999877	,-46.349999999999746	
7.759999999999877	,-46.447999999999745	
7.769999999999877	,-46.545999999999744	
7.779999999999877	,-46.64399999999974	
7.789999999999877	,-46.74199999999974	
7.799999999999876	,-46.83999999999974	
7.809999999999876	,-46.93799999999974	
7.819999999999876	,-47.03599999999974	
7.829999999999876	,-47.13399999999974	
7.8399999999998755	,-47.231999999999736	
7.849999999999875	,-47.329999999999735	
7.859999999999875	,-47.427999999999734	
7.869999999999875	,-47.52599999999973	
7.879999999999875	,-47.62399999999973	
7.8899999999998744	,-47.72199999999973	
7.899999999999874	,-47.81999999999973	
7.909999999999874	,-47.91799999999973	
7.919999999999874	,-48.01599999999973	
7.929999999999874	,-48.11399999999973	
7.939999999999873	,-48.211999999999726	
7.949999999999873	,-48.309999999999725	
7.959999999999873	,-48.407999999999724	
7.969999999999873	,-48.50599999999972	
7.9799999999998725	,-48.60399999999972	
7.989999999999872	,-48.70199999999972	
7.999999999999872	,-48.79999999999972	
8.009999999999872	,-48.89799999999972	
8.019999999999872	,-48.99599999999972	
8.029999999999871	,-49.09399999999972	
8.039999999999871	,-49.191999999999716	
8.049999999999871	,-49.289999999999715	
8.05999999999987	,-49.387999999999714	
8.06999999999987	,-49.48599999999971	
8.07999999999987	,-49.58399999999971	
8.08999999999987	,-49.68199999999971	
8.09999999999987	,-49.77999999999971	
8.10999999999987	,-49.87799999999971	
8.11999999999987	,-49.97599999999971	
8.12999999999987	,-50.07399999999971	
8.13999999999987	,-50.171999999999706	
8.149999999999869	,-50.269999999999705	
8.159999999999869	,-50.367999999999704	
8.169999999999868	,-50.4659999999997	
8.179999999999868	,-50.5639999999997	
8.189999999999868	,-50.6619999999997	
8.199999999999868	,-50.7599999999997	
8.209999999999868	,-50.8579999999997	
8.219999999999867	,-50.9559999999997	
8.229999999999867	,-51.0539999999997	
8.239999999999867	,-51.151999999999695	
8.249999999999867	,-51.249999999999694	
8.259999999999867	,-51.34799999999969	
8.269999999999866	,-51.44599999999969	
8.279999999999866	,-51.54399999999969	
8.289999999999866	,-51.64199999999969	
8.299999999999866	,-51.73999999999969	
8.309999999999865	,-51.83799999999969	
8.319999999999865	,-51.93599999999969	
8.329999999999865	,-52.033999999999686	
8.339999999999865	,-52.131999999999685	
8.349999999999865	,-52.229999999999684	
8.359999999999864	,-52.32799999999968	
8.369999999999864	,-52.42599999999968	
8.379999999999864	,-52.52399999999968	
8.389999999999864	,-52.62199999999968	
8.399999999999864	,-52.71999999999968	
8.409999999999863	,-52.81799999999968	
8.419999999999863	,-52.91599999999968	
8.429999999999863	,-53.013999999999676	
8.439999999999863	,-53.111999999999675	
8.449999999999863	,-53.209999999999674	
8.459999999999862	,-53.30799999999967	
8.469999999999862	,-53.40599999999967	
8.479999999999862	,-53.50399999999967	
8.489999999999862	,-53.60199999999967	
8.499999999999861	,-53.69999999999967	
8.509999999999861	,-53.79799999999967	
8.519999999999861	,-53.89599999999967	
8.52999999999986	,-53.993999999999666	
8.53999999999986	,-54.091999999999665	
8.54999999999986	,-54.189999999999664	
8.55999999999986	,-54.28799999999966	
8.56999999999986	,-54.38599999999966	
8.57999999999986	,-54.48399999999966	
8.58999999999986	,-54.58199999999966	
8.59999999999986	,-54.67999999999966	
8.609999999999859	,-54.77799999999966	
8.619999999999859	,-54.87599999999966	
8.629999999999859	,-54.973999999999656	
8.639999999999858	,-55.071999999999655	
8.649999999999858	,-55.16999999999965	
8.659999999999858	,-55.26799999999965	
8.669999999999858	,-55.36599999999965	
8.679999999999858	,-55.46399999999965	
8.689999999999857	,-55.56199999999965	
8.699999999999857	,-55.65999999999965	
8.709999999999857	,-55.75799999999965	
8.719999999999857	,-55.855999999999646	
8.729999999999857	,-55.953999999999645	
8.739999999999856	,-56.051999999999644	
8.749999999999856	,-56.14999999999964	
8.759999999999856	,-56.24799999999964	
8.769999999999856	,-56.34599999999964	
8.779999999999855	,-56.44399999999964	
8.789999999999855	,-56.54199999999964	
8.799999999999855	,-56.63999999999964	
8.809999999999855	,-56.73799999999964	
8.819999999999855	,-56.835999999999636	
8.829999999999854	,-56.933999999999635	
8.839999999999854	,-57.031999999999634	
8.849999999999854	,-57.12999999999963	
8.859999999999854	,-57.22799999999963	
8.869999999999854	,-57.32599999999963	
8.879999999999853	,-57.42399999999963	
8.889999999999853	,-57.52199999999963	
8.899999999999853	,-57.61999999999963	
8.909999999999853	,-57.71799999999963	
8.919999999999852	,-57.815999999999626	
8.929999999999852	,-57.913999999999625	
8.939999999999852	,-58.011999999999624	
8.949999999999852	,-58.10999999999962	
8.959999999999852	,-58.20799999999962	
8.969999999999851	,-58.30599999999962	
8.979999999999851	,-58.40399999999962	
8.989999999999851	,-58.50199999999962	
8.99999999999985	,-58.59999999999962	
9.00999999999985	,-58.69799999999962	
9.01999999999985	,-58.795999999999616	
9.02999999999985	,-58.893999999999615	
9.03999999999985	,-58.991999999999614	
9.04999999999985	,-59.08999999999961	
9.05999999999985	,-59.18799999999961	
9.06999999999985	,-59.28599999999961	
9.079999999999849	,-59.38399999999961	
9.089999999999849	,-59.48199999999961	
9.099999999999849	,-59.57999999999961	
9.109999999999848	,-59.67799999999961	
9.119999999999848	,-59.775999999999605	
9.129999999999848	,-59.873999999999604	
9.139999999999848	,-59.9719999999996	
9.149999999999848	,-60.0699999999996	
9.159999999999847	,-60.1679999999996	
9.169999999999847	,-60.2659999999996	
9.179999999999847	,-60.3639999999996	
9.189999999999847	,-60.4619999999996	
9.199999999999847	,-60.5599999999996	
9.209999999999846	,-60.657999999999596	
9.219999999999846	,-60.755999999999595	
9.229999999999846	,-60.853999999999594	
9.239999999999846	,-60.95199999999959	
9.249999999999845	,-61.04999999999959	
9.259999999999845	,-61.14799999999959	
9.269999999999845	,-61.24599999999959	
9.279999999999845	,-61.34399999999959	
9.289999999999845	,-61.44199999999959	
9.299999999999844	,-61.53999999999959	
9.309999999999844	,-61.637999999999586	
9.319999999999844	,-61.735999999999585	
9.329999999999844	,-61.833999999999584	
9.339999999999844	,-61.93199999999958	
9.349999999999843	,-62.02999999999958	
9.359999999999843	,-62.12799999999958	
9.369999999999843	,-62.22599999999958	
9.379999999999843	,-62.32399999999958	
9.389999999999842	,-62.42199999999958	
9.399999999999842	,-62.51999999999958	
9.409999999999842	,-62.617999999999576	
9.419999999999842	,-62.715999999999575	
9.429999999999842	,-62.813999999999574	
9.439999999999841	,-62.91199999999957	
9.449999999999841	,-63.00999999999957	
9.459999999999841	,-63.10799999999957	
9.46999999999984	,-63.20599999999957	
9.47999999999984	,-63.30399999999957	
9.48999999999984	,-63.40199999999957	
9.49999999999984	,-63.49999999999957	
9.50999999999984	,-63.597999999999566	
9.51999999999984	,-63.695999999999565	
9.52999999999984	,-63.79399999999956	
9.53999999999984	,-63.89199999999956	
9.549999999999839	,-63.98999999999956	
9.559999999999839	,-64.08799999999957	
9.569999999999839	,-64.18599999999957	
9.579999999999838	,-64.28399999999957	
9.589999999999838	,-64.38199999999956	
9.599999999999838	,-64.47999999999956	
9.609999999999838	,-64.57799999999956	
9.619999999999838	,-64.67599999999956	
9.629999999999837	,-64.77399999999956	
9.639999999999837	,-64.87199999999956	
9.649999999999837	,-64.96999999999956	
9.659999999999837	,-65.06799999999956	
9.669999999999837	,-65.16599999999956	
9.679999999999836	,-65.26399999999956	
9.689999999999836	,-65.36199999999955	
9.699999999999836	,-65.45999999999955	
9.709999999999836	,-65.55799999999955	
9.719999999999835	,-65.65599999999955	
9.729999999999835	,-65.75399999999955	
9.739999999999835	,-65.85199999999955	
9.749999999999835	,-65.94999999999955	
9.759999999999835	,-66.04799999999955	
9.769999999999834	,-66.14599999999955	
9.779999999999834	,-66.24399999999955	
9.789999999999834	,-66.34199999999954	
9.799999999999834	,-66.43999999999954	
9.809999999999834	,-66.53799999999954	
9.819999999999833	,-66.63599999999954	
9.829999999999833	,-66.73399999999954	
9.839999999999833	,-66.83199999999954	
9.849999999999833	,-66.92999999999954	
9.859999999999832	,-67.02799999999954	
9.869999999999832	,-67.12599999999954	
9.879999999999832	,-67.22399999999953	
9.889999999999832	,-67.32199999999953	
9.899999999999832	,-67.41999999999953	
9.909999999999831	,-67.51799999999953	
9.919999999999831	,-67.61599999999953	
9.929999999999831	,-67.71399999999953	
9.93999999999983	,-67.81199999999953	
9.94999999999983	,-67.90999999999953	
9.95999999999983	,-68.00799999999953	
9.96999999999983	,-68.10599999999953	
9.97999999999983	,-68.20399999999952	
9.98999999999983	,-68.30199999999952	
9.99999999999983	,-68.39999999999952	
10.00999999999983	,-68.49799999999952	
10.019999999999829	,-68.59599999999952	
10.029999999999829	,-68.69399999999952	
10.039999999999829	,-68.79199999999952	
10.049999999999828	,-68.88999999999952	
10.059999999999828	,-68.98799999999952	
10.069999999999828	,-69.08599999999952	
10.079999999999828	,-69.18399999999951	
10.089999999999828	,-69.28199999999951	
10.099999999999827	,-69.37999999999951	
10.109999999999827	,-69.47799999999951	
10.119999999999827	,-69.57599999999951	
10.129999999999827	,-69.67399999999951	
10.139999999999826	,-69.77199999999951	
10.149999999999826	,-69.86999999999951	
10.159999999999826	,-69.9679999999995	
10.169999999999826	,-70.0659999999995	
10.179999999999826	,-70.1639999999995	
10.189999999999825	,-70.2619999999995	
10.199999999999825	,-70.3599999999995	
10.209999999999825	,-70.4579999999995	
10.219999999999825	,-70.5559999999995	
10.229999999999825	,-70.6539999999995	
10.239999999999824	,-70.7519999999995	
10.249999999999824	,-70.8499999999995	
10.259999999999824	,-70.9479999999995	
10.269999999999824	,-71.0459999999995	
10.279999999999824	,-71.1439999999995	
10.289999999999823	,-71.24199999999949	
10.299999999999823	,-71.33999999999949	
10.309999999999823	,-71.43799999999949	
10.319999999999823	,-71.53599999999949	
10.329999999999822	,-71.63399999999949	
10.339999999999822	,-71.73199999999949	
10.349999999999822	,-71.82999999999949	
10.359999999999822	,-71.92799999999949	
10.369999999999822	,-72.02599999999948	
10.379999999999821	,-72.12399999999948	
10.389999999999821	,-72.22199999999948	
10.399999999999821	,-72.31999999999948	
10.40999999999982	,-72.41799999999948	
10.41999999999982	,-72.51599999999948	
10.42999999999982	,-72.61399999999948	
10.43999999999982	,-72.71199999999948	
10.44999999999982	,-72.80999999999948	
10.45999999999982	,-72.90799999999948	
10.46999999999982	,-73.00599999999947	
10.47999999999982	,-73.10399999999947	
10.489999999999819	,-73.20199999999947	
10.499999999999819	,-73.29999999999947	
10.509999999999819	,-73.39799999999947	
10.519999999999818	,-73.49599999999947	
10.529999999999818	,-73.59399999999947	
10.539999999999818	,-73.69199999999947	
10.549999999999818	,-73.78999999999947	
10.559999999999818	,-73.88799999999947	
10.569999999999817	,-73.98599999999946	
10.579999999999817	,-74.08399999999946	
10.589999999999817	,-74.18199999999946	
10.599999999999817	,-74.27999999999946	
10.609999999999816	,-74.37799999999946	
10.619999999999816	,-74.47599999999946	
10.629999999999816	,-74.57399999999946	
10.639999999999816	,-74.67199999999946	
10.649999999999816	,-74.76999999999946	
10.659999999999815	,-74.86799999999945	
10.669999999999815	,-74.96599999999945	
10.679999999999815	,-75.06399999999945	
10.689999999999815	,-75.16199999999945	
10.699999999999815	,-75.25999999999945	
10.709999999999814	,-75.35799999999945	
10.719999999999814	,-75.45599999999945	
10.729999999999814	,-75.55399999999945	
10.739999999999814	,-75.65199999999945	
10.749999999999813	,-75.74999999999945	
10.759999999999813	,-75.84799999999944	
10.769999999999813	,-75.94599999999944	
10.779999999999813	,-76.04399999999944	
10.789999999999813	,-76.14199999999944	
10.799999999999812	,-76.23999999999944	
10.809999999999812	,-76.33799999999944	
10.819999999999812	,-76.43599999999944	
10.829999999999812	,-76.53399999999944	
10.839999999999812	,-76.63199999999944	
10.849999999999811	,-76.72999999999944	
10.859999999999811	,-76.82799999999943	
10.869999999999811	,-76.92599999999943	
10.87999999999981	,-77.02399999999943	
10.88999999999981	,-77.12199999999943	
10.89999999999981	,-77.21999999999943	
10.90999999999981	,-77.31799999999943	
10.91999999999981	,-77.41599999999943	
10.92999999999981	,-77.51399999999943	
10.93999999999981	,-77.61199999999943	
10.94999999999981	,-77.70999999999943	
10.959999999999809	,-77.80799999999942	
10.969999999999809	,-77.90599999999942	
10.979999999999809	,-78.00399999999942	
10.989999999999808	,-78.10199999999942	
10.999999999999808	,-78.19999999999942	
11.009999999999808	,-78.29799999999942	
11.019999999999808	,-78.39599999999942	
11.029999999999808	,-78.49399999999942	
11.039999999999807	,-78.59199999999942	
11.049999999999807	,-78.68999999999942	
11.059999999999807	,-78.78799999999941	
11.069999999999807	,-78.88599999999941	
11.079999999999806	,-78.98399999999941	
11.089999999999806	,-79.08199999999941	
11.099999999999806	,-79.17999999999941	
11.109999999999806	,-79.27799999999941	
11.119999999999806	,-79.37599999999941	
11.129999999999805	,-79.4739999999994	
11.139999999999805	,-79.5719999999994	
11.149999999999805	,-79.6699999999994	
11.159999999999805	,-79.7679999999994	
11.169999999999805	,-79.8659999999994	
11.179999999999804	,-79.9639999999994	
