2.0	,500.0	
2.01	,500.30351	
2.0199999999999996	,500.20604000000003	
2.0299999999999994	,500.10759	
2.039999999999999	,500.00816000000003	
2.049999999999999	,499.90775	
2.0599999999999987	,499.80636000000004	
2.0699999999999985	,499.70399000000003	
2.0799999999999983	,499.60064	
2.089999999999998	,499.49631	
2.099999999999998	,499.391	
2.1099999999999977	,499.28471	
2.1199999999999974	,499.17744000000005	
2.1299999999999972	,499.06919000000005	
2.139999999999997	,498.95996	
2.149999999999997	,498.84975000000003	
2.1599999999999966	,498.73856	
2.1699999999999964	,498.62639	
2.179999999999996	,498.51324000000005	
2.189999999999996	,498.39911000000006	
2.1999999999999957	,498.28400000000005	
2.2099999999999955	,498.16791000000006	
2.2199999999999953	,498.05084000000005	
2.229999999999995	,497.93279000000007	
2.239999999999995	,497.81376000000006	
2.2499999999999947	,497.6937500000001	
2.2599999999999945	,497.5727600000001	
2.2699999999999942	,497.4507900000001	
2.279999999999994	,497.3278400000001	
2.289999999999994	,497.20391000000006	
2.2999999999999936	,497.07900000000006	
2.3099999999999934	,496.9531100000001	
2.319999999999993	,496.8262400000001	
2.329999999999993	,496.6983900000001	
2.3399999999999928	,496.5695600000001	
2.3499999999999925	,496.4397500000001	
2.3599999999999923	,496.30896000000007	
2.369999999999992	,496.1771900000001	
2.379999999999992	,496.0444400000001	
2.3899999999999917	,495.9107100000001	
2.3999999999999915	,495.7760000000001	
2.4099999999999913	,495.6403100000001	
2.419999999999991	,495.50364000000013	
2.429999999999991	,495.3659900000001	
2.4399999999999906	,495.22736000000015	
2.4499999999999904	,495.08775000000014	
2.45999999999999	,494.9471600000001	
2.46999999999999	,494.80559000000017	
2.4799999999999898	,494.66304000000014	
2.4899999999999896	,494.51951000000014	
2.4999999999999893	,494.37500000000017	
2.509999999999989	,494.2295100000002	
2.519999999999989	,494.08304000000015	
2.5299999999999887	,493.93559000000016	
2.5399999999999885	,493.7871600000002	
2.5499999999999883	,493.63775000000015	
2.559999999999988	,493.4873600000002	
2.569999999999988	,493.3359900000002	
2.5799999999999876	,493.1836400000002	
2.5899999999999874	,493.0303100000002	
2.599999999999987	,492.8760000000002	
2.609999999999987	,492.7207100000002	
2.619999999999987	,492.5644400000002	
2.6299999999999866	,492.4071900000002	
2.6399999999999864	,492.24896000000024	
2.649999999999986	,492.0897500000002	
2.659999999999986	,491.9295600000002	
2.6699999999999857	,491.76839000000024	
2.6799999999999855	,491.60624000000024	
2.6899999999999853	,491.4431100000002	
2.699999999999985	,491.2790000000002	
2.709999999999985	,491.11391000000026	
2.7199999999999847	,490.94784000000027	
2.7299999999999844	,490.78079000000025	
2.7399999999999842	,490.61276000000026	
2.749999999999984	,490.44375000000025	
2.759999999999984	,490.27376000000027	
2.7699999999999836	,490.10279000000025	
2.7799999999999834	,489.9308400000003	
2.789999999999983	,489.75791000000027	
2.799999999999983	,489.5840000000003	
2.8099999999999827	,489.4091100000003	
2.8199999999999825	,489.2332400000003	
2.8299999999999823	,489.0563900000003	
2.839999999999982	,488.87856000000033	
2.849999999999982	,488.69975000000034	
2.8599999999999817	,488.5199600000003	
2.8699999999999815	,488.3391900000003	
2.8799999999999812	,488.15744000000035	
2.889999999999981	,487.97471000000036	
2.899999999999981	,487.79100000000034	
2.9099999999999806	,487.60631000000035	
2.9199999999999804	,487.4206400000004	
2.92999999999998	,487.23399000000035	
2.93999999999998	,487.0463600000004	
2.9499999999999797	,486.8577500000004	
2.9599999999999795	,486.6681600000004	
2.9699999999999793	,486.4775900000004	
2.979999999999979	,486.2860400000004	
2.989999999999979	,486.09351000000044	
2.9999999999999787	,485.90000000000043	
3.0099999999999785	,485.7055100000004	
3.0199999999999783	,485.5100400000004	
3.029999999999978	,485.31359000000043	
3.039999999999978	,485.11616000000043	
3.0499999999999776	,484.91775000000047	
3.0599999999999774	,484.7183600000005	
3.069999999999977	,484.51799000000045	
3.079999999999977	,484.31664000000046	
3.0899999999999768	,484.11431000000044	
3.0999999999999766	,483.91100000000046	
3.1099999999999763	,483.7067100000005	
3.119999999999976	,483.50144000000046	
3.129999999999976	,483.2951900000005	
3.1399999999999757	,483.0879600000005	
3.1499999999999755	,482.8797500000005	
3.1599999999999753	,482.67056000000053	
3.169999999999975	,482.46039000000053	
3.179999999999975	,482.24924000000055	
3.1899999999999746	,482.03711000000055	
3.1999999999999744	,481.8240000000005	
3.209999999999974	,481.6099100000005	
3.219999999999974	,481.39484000000056	
3.229999999999974	,481.17879000000056	
3.2399999999999736	,480.9617600000006	
3.2499999999999734	,480.74375000000055	
3.259999999999973	,480.5247600000006	
3.269999999999973	,480.3047900000006	
3.2799999999999727	,480.0838400000006	
3.2899999999999725	,479.8619100000006	
3.2999999999999723	,479.63900000000064	
3.309999999999972	,479.41511000000065	
3.319999999999972	,479.19024000000064	
3.3299999999999716	,478.96439000000066	
3.3399999999999714	,478.73756000000066	
3.3499999999999712	,478.5097500000007	
3.359999999999971	,478.2809600000007	
3.369999999999971	,478.05119000000064	
3.3799999999999706	,477.82044000000064	
3.3899999999999704	,477.5887100000007	
3.39999999999997	,477.3560000000007	
3.40999999999997	,477.1223100000007	
3.4199999999999697	,476.8876400000007	
3.4299999999999695	,476.6519900000007	
3.4399999999999693	,476.4153600000007	
3.449999999999969	,476.17775000000074	
3.459999999999969	,475.93916000000075	
3.4699999999999687	,475.69959000000074	
3.4799999999999685	,475.45904000000075	
3.4899999999999682	,475.21751000000074	
3.499999999999968	,474.97500000000076	
3.509999999999968	,474.73151000000075	
3.5199999999999676	,474.4870400000008	
3.5299999999999674	,474.24159000000077	
3.539999999999967	,473.9951600000008	
3.549999999999967	,473.7477500000008	
3.5599999999999667	,473.4993600000008	
3.5699999999999665	,473.2499900000008	
3.5799999999999663	,472.99964000000085	
3.589999999999966	,472.74831000000086	
3.599999999999966	,472.4960000000009	
3.6099999999999657	,472.24271000000084	
3.6199999999999655	,471.9884400000009	
3.6299999999999653	,471.7331900000009	
3.639999999999965	,471.4769600000009	
3.649999999999965	,471.2197500000009	
3.6599999999999646	,470.96156000000093	
3.6699999999999644	,470.70239000000095	
3.679999999999964	,470.44224000000094	
3.689999999999964	,470.1811100000009	
3.6999999999999638	,469.91900000000095	
3.7099999999999635	,469.655910000001	
3.7199999999999633	,469.39184000000097	
3.729999999999963	,469.12679000000094	
3.739999999999963	,468.860760000001	
3.7499999999999627	,468.593750000001	
3.7599999999999625	,468.32576000000097	
3.7699999999999623	,468.056790000001	
3.779999999999962	,467.786840000001	
3.789999999999962	,467.51591000000104	
3.7999999999999616	,467.24400000000105	
3.8099999999999614	,466.97111000000103	
3.819999999999961	,466.69724000000105	
3.829999999999961	,466.4223900000011	
3.839999999999961	,466.14656000000105	
3.8499999999999606	,465.8697500000011	
3.8599999999999604	,465.5919600000011	
3.86999999999996	,465.3131900000011	
3.87999999999996	,465.0334400000011	
3.8899999999999597	,464.7527100000011	
3.8999999999999595	,464.47100000000114	
3.9099999999999593	,464.18831000000114	
3.919999999999959	,463.90464000000117	
3.929999999999959	,463.61999000000117	
3.9399999999999586	,463.3343600000012	
3.9499999999999584	,463.0477500000012	
3.959999999999958	,462.7601600000012	
3.969999999999958	,462.4715900000012	
3.979999999999958	,462.1820400000012	
3.9899999999999576	,461.89151000000123	
3.9999999999999574	,461.6000000000013	
4.009999999999957	,461.30751000000123	
4.019999999999957	,461.0140400000013	
4.029999999999957	,460.7195900000013	
4.0399999999999565	,460.4241600000013	
4.049999999999956	,460.1277500000013	
4.059999999999956	,459.8303600000013	
4.069999999999956	,459.5319900000013	
4.079999999999956	,459.2326400000013	
4.0899999999999554	,458.93231000000134	
4.099999999999955	,458.63100000000134	
4.109999999999955	,458.32871000000137	
4.119999999999955	,458.02544000000137	
4.129999999999955	,457.72119000000134	
4.139999999999954	,457.4159600000014	
4.149999999999954	,457.1097500000014	
4.159999999999954	,456.8025600000014	
4.169999999999954	,456.49439000000143	
4.1799999999999535	,456.18524000000144	
4.189999999999953	,455.8751100000014	
4.199999999999953	,455.56400000000144	
4.209999999999953	,455.2519100000015	
4.219999999999953	,454.93884000000145	
4.2299999999999525	,454.6247900000015	
4.239999999999952	,454.3097600000015	
4.249999999999952	,453.9937500000015	
4.259999999999952	,453.67676000000154	
4.269999999999952	,453.35879000000153	
4.279999999999951	,453.03984000000156	
4.289999999999951	,452.71991000000156	
4.299999999999951	,452.3990000000016	
4.309999999999951	,452.0771100000016	
4.3199999999999505	,451.7542400000016	
4.32999999999995	,451.4303900000016	
4.33999999999995	,451.1055600000016	
4.34999999999995	,450.7797500000016	
4.35999999999995	,450.45296000000167	
4.3699999999999495	,450.1251900000017	
4.379999999999949	,449.79644000000167	
4.389999999999949	,449.4667100000017	
4.399999999999949	,449.1360000000017	
4.409999999999949	,448.8043100000017	
4.419999999999948	,448.4716400000017	
4.429999999999948	,448.1379900000017	
4.439999999999948	,447.8033600000017	
4.449999999999948	,447.46775000000173	
4.459999999999948	,447.1311600000018	
4.469999999999947	,446.79359000000176	
4.479999999999947	,446.45504000000176	
4.489999999999947	,446.1155100000018	
4.499999999999947	,445.7750000000018	
4.5099999999999465	,445.43351000000183	
4.519999999999946	,445.09104000000184	
4.529999999999946	,444.7475900000019	
4.539999999999946	,444.40316000000183	
4.549999999999946	,444.0577500000019	
4.559999999999945	,443.7113600000019	
4.569999999999945	,443.3639900000019	
4.579999999999945	,443.0156400000019	
4.589999999999945	,442.66631000000194	
4.599999999999945	,442.31600000000196	
4.609999999999944	,441.96471000000196	
4.619999999999944	,441.612440000002	
4.629999999999944	,441.259190000002	
4.639999999999944	,440.904960000002	
4.6499999999999435	,440.549750000002	
4.659999999999943	,440.19356000000204	
4.669999999999943	,439.83639000000204	
4.679999999999943	,439.4782400000021	
4.689999999999943	,439.119110000002	
4.6999999999999424	,438.75900000000206	
4.709999999999942	,438.39791000000207	
4.719999999999942	,438.03584000000205	
4.729999999999942	,437.6727900000021	
4.739999999999942	,437.3087600000021	
4.749999999999941	,436.9437500000021	
4.759999999999941	,436.5777600000022	
4.769999999999941	,436.21079000000213	
4.779999999999941	,435.8428400000022	
4.7899999999999405	,435.4739100000022	
4.79999999999994	,435.1040000000022	
4.80999999999994	,434.7331100000022	
4.81999999999994	,434.3612400000022	
4.82999999999994	,433.98839000000225	
4.8399999999999395	,433.61456000000226	
4.849999999999939	,433.23975000000223	
4.859999999999939	,432.8639600000023	
4.869999999999939	,432.48719000000233	
4.879999999999939	,432.10944000000234	
4.889999999999938	,431.7307100000023	
4.899999999999938	,431.35100000000233	
4.909999999999938	,430.97031000000237	
4.919999999999938	,430.5886400000024	
4.9299999999999375	,430.2059900000024	
4.939999999999937	,429.8223600000024	
4.949999999999937	,429.43775000000244	
4.959999999999937	,429.05216000000246	
4.969999999999937	,428.66559000000245	
4.9799999999999365	,428.2780400000024	
4.989999999999936	,427.8895100000025	
4.999999999999936	,427.5000000000025	
5.009999999999936	,427.1095100000025	
5.019999999999936	,426.7180400000025	
5.029999999999935	,426.32559000000253	
5.039999999999935	,425.93216000000257	
5.049999999999935	,425.5377500000026	
5.059999999999935	,425.14236000000255	
5.069999999999935	,424.74599000000256	
5.079999999999934	,424.3486400000026	
5.089999999999934	,423.9503100000026	
5.099999999999934	,423.55100000000266	
5.109999999999934	,423.1507100000026	
5.1199999999999335	,422.74944000000266	
5.129999999999933	,422.3471900000027	
5.139999999999933	,421.9439600000027	
5.149999999999933	,421.5397500000027	
5.159999999999933	,421.1345600000027	
5.169999999999932	,420.7283900000027	
5.179999999999932	,420.3212400000028	
5.189999999999932	,419.9131100000028	
5.199999999999932	,419.50400000000275	
5.209999999999932	,419.0939100000028	
5.219999999999931	,418.6828400000028	
5.229999999999931	,418.2707900000028	
5.239999999999931	,417.8577600000028	
5.249999999999931	,417.44375000000286	
5.2599999999999305	,417.0287600000029	
5.26999999999993	,416.61279000000286	
5.27999999999993	,416.19584000000293	
5.28999999999993	,415.7779100000029	
5.29999999999993	,415.35900000000294	
5.309999999999929	,414.9391100000029	
5.319999999999929	,414.518240000003	
5.329999999999929	,414.096390000003	
5.339999999999929	,413.673560000003	
5.349999999999929	,413.249750000003	
5.359999999999928	,412.824960000003	
5.369999999999928	,412.39919000000305	
5.379999999999928	,411.9724400000031	
5.389999999999928	,411.5447100000031	
5.3999999999999275	,411.1160000000031	
5.409999999999927	,410.6863100000031	
5.419999999999927	,410.25564000000315	
5.429999999999927	,409.82399000000316	
5.439999999999927	,409.39136000000315	
5.4499999999999265	,408.9577500000032	
5.459999999999926	,408.52316000000314	
5.469999999999926	,408.0875900000032	
5.479999999999926	,407.6510400000032	
5.489999999999926	,407.2135100000032	
5.499999999999925	,406.7750000000033	
5.509999999999925	,406.3355100000033	
5.519999999999925	,405.8950400000033	
5.529999999999925	,405.4535900000033	
5.5399999999999245	,405.0111600000033	
5.549999999999924	,404.56775000000334	
5.559999999999924	,404.12336000000334	
5.569999999999924	,403.6779900000034	
5.579999999999924	,403.2316400000034	
5.5899999999999235	,402.7843100000034	
5.599999999999923	,402.3360000000034	
5.609999999999923	,401.8867100000034	
5.619999999999923	,401.4364400000035	
5.629999999999923	,400.9851900000035	
5.639999999999922	,400.53296000000347	
5.649999999999922	,400.0797500000035	
5.659999999999922	,399.6255600000036	
5.669999999999922	,399.1703900000036	
5.679999999999922	,398.71424000000354	
5.689999999999921	,398.2571100000036	
5.699999999999921	,397.7990000000036	
5.709999999999921	,397.3399100000036	
5.719999999999921	,396.87984000000364	
5.7299999999999205	,396.4187900000037	
5.73999999999992	,395.95676000000367	
5.74999999999992	,395.4937500000037	
5.75999999999992	,395.02976000000376	
5.76999999999992	,394.56479000000377	
5.779999999999919	,394.09884000000375	
5.789999999999919	,393.63191000000376	
5.799999999999919	,393.1640000000038	
5.809999999999919	,392.6951100000038	
5.819999999999919	,392.22524000000385	
5.829999999999918	,391.7543900000038	
5.839999999999918	,391.28256000000385	
5.849999999999918	,390.8097500000039	
5.859999999999918	,390.33596000000387	
5.8699999999999175	,389.8611900000039	
5.879999999999917	,389.3854400000039	
5.889999999999917	,388.90871000000396	
5.899999999999917	,388.43100000000396	
5.909999999999917	,387.952310000004	
5.919999999999916	,387.472640000004	
5.929999999999916	,386.99199000000397	
5.939999999999916	,386.510360000004	
5.949999999999916	,386.02775000000406	
5.959999999999916	,385.54416000000407	
5.969999999999915	,385.05959000000405	
5.979999999999915	,384.5740400000041	
5.989999999999915	,384.08751000000416	
5.999999999999915	,383.6000000000041	
6.0099999999999145	,383.11151000000416	
6.019999999999914	,382.6220400000042	
6.029999999999914	,382.1315900000042	
6.039999999999914	,381.6401600000042	
6.049999999999914	,381.14775000000424	
6.0599999999999135	,380.65436000000426	
6.069999999999913	,380.1599900000043	
6.079999999999913	,379.6646400000043	
6.089999999999913	,379.16831000000434	
6.099999999999913	,378.6710000000043	
6.109999999999912	,378.1727100000044	
6.119999999999912	,377.67344000000435	
6.129999999999912	,377.1731900000044	
6.139999999999912	,376.67196000000445	
6.1499999999999115	,376.16975000000446	
6.159999999999911	,375.66656000000444	
6.169999999999911	,375.16239000000445	
6.179999999999911	,374.6572400000045	
6.189999999999911	,374.1511100000045	
6.1999999999999105	,373.64400000000455	
6.20999999999991	,373.1359100000045	
6.21999999999991	,372.62684000000456	
6.22999999999991	,372.1167900000046	
6.23999999999991	,371.6057600000046	
6.249999999999909	,371.0937500000046	
6.259999999999909	,370.5807600000046	
6.269999999999909	,370.0667900000047	
6.279999999999909	,369.5518400000047	
6.2899999999999086	,369.0359100000047	
6.299999999999908	,368.5190000000047	
6.309999999999908	,368.00111000000476	
6.319999999999908	,367.48224000000477	
6.329999999999908	,366.9623900000048	
6.3399999999999075	,366.4415600000048	
6.349999999999907	,365.9197500000048	
6.359999999999907	,365.39696000000487	
6.369999999999907	,364.87319000000485	
6.379999999999907	,364.34844000000487	
6.389999999999906	,363.8227100000049	
6.399999999999906	,363.29600000000494	
6.409999999999906	,362.76831000000493	
6.419999999999906	,362.23964000000495	
6.429999999999906	,361.709990000005	
6.439999999999905	,361.179360000005	
6.449999999999905	,360.64775000000503	
6.459999999999905	,360.11516000000506	
6.469999999999905	,359.5815900000051	
6.4799999999999045	,359.0470400000051	
6.489999999999904	,358.5115100000051	
6.499999999999904	,357.97500000000514	
6.509999999999904	,357.43751000000515	
6.519999999999904	,356.8990400000052	
6.529999999999903	,356.3595900000052	
6.539999999999903	,355.81916000000524	
6.549999999999903	,355.2777500000052	
6.559999999999903	,354.73536000000524	
6.569999999999903	,354.19199000000526	
6.579999999999902	,353.6476400000053	
6.589999999999902	,353.10231000000533	
6.599999999999902	,352.5560000000053	
6.609999999999902	,352.00871000000535	
6.6199999999999015	,351.4604400000054	
6.629999999999901	,350.91119000000543	
6.639999999999901	,350.36096000000543	
6.649999999999901	,349.80975000000547	
6.659999999999901	,349.25756000000547	
6.6699999999999005	,348.7043900000055	
6.6799999999999	,348.1502400000055	
6.6899999999999	,347.59511000000555	
6.6999999999999	,347.03900000000556	
6.7099999999999	,346.48191000000554	
6.719999999999899	,345.9238400000056	
6.729999999999899	,345.3647900000056	
6.739999999999899	,344.8047600000056	
6.749999999999899	,344.24375000000566	
6.7599999999998985	,343.6817600000057	
6.769999999999898	,343.11879000000573	
6.779999999999898	,342.55484000000575	
6.789999999999898	,341.98991000000575	
6.799999999999898	,341.4240000000058	
6.8099999999998975	,340.85711000000583	
6.819999999999897	,340.2892400000058	
6.829999999999897	,339.72039000000586	
6.839999999999897	,339.1505600000059	
6.849999999999897	,338.5797500000059	
6.859999999999896	,338.00796000000594	
6.869999999999896	,337.43519000000595	
6.879999999999896	,336.8614400000059	
6.889999999999896	,336.286710000006	
6.8999999999998956	,335.71100000000604	
6.909999999999895	,335.13431000000605	
6.919999999999895	,334.55664000000604	
6.929999999999895	,333.97799000000606	
6.939999999999895	,333.3983600000061	
6.9499999999998945	,332.81775000000613	
6.959999999999894	,332.2361600000061	
6.969999999999894	,331.65359000000615	
6.979999999999894	,331.0700400000062	
6.989999999999894	,330.48551000000623	
6.999999999999893	,329.90000000000623	
7.009999999999893	,329.31351000000626	
7.019999999999893	,328.72604000000626	
7.029999999999893	,328.1375900000063	
7.039999999999893	,327.5481600000063	
7.049999999999892	,326.95775000000634	
7.059999999999892	,326.36636000000635	
7.069999999999892	,325.7739900000064	
7.079999999999892	,325.1806400000064	
7.0899999999998915	,324.58631000000645	
7.099999999999891	,323.99100000000647	
7.109999999999891	,323.3947100000065	
7.119999999999891	,322.79744000000653	
7.129999999999891	,322.1991900000065	
7.13999999999989	,321.59996000000655	
7.14999999999989	,320.99975000000654	
7.15999999999989	,320.3985600000066	
7.16999999999989	,319.7963900000066	
7.17999999999989	,319.19324000000665	
7.189999999999889	,318.5891100000067	
7.199999999999889	,317.9840000000067	
7.209999999999889	,317.37791000000675	
7.219999999999889	,316.77084000000673	
7.2299999999998885	,316.16279000000674	
7.239999999999888	,315.55376000000683	
7.249999999999888	,314.9437500000068	
7.259999999999888	,314.33276000000683	
7.269999999999888	,313.7207900000069	
7.2799999999998875	,313.1078400000069	
7.289999999999887	,312.49391000000696	
7.299999999999887	,311.87900000000695	
7.309999999999887	,311.263110000007	
7.319999999999887	,310.64624000000697	
7.329999999999886	,310.02839000000705	
7.339999999999886	,309.409560000007	
7.349999999999886	,308.7897500000071	
7.359999999999886	,308.16896000000713	
7.3699999999998855	,307.5471900000071	
7.379999999999885	,306.92444000000717	
7.389999999999885	,306.30071000000714	
7.399999999999885	,305.67600000000715	
7.409999999999885	,305.0503100000072	
7.4199999999998845	,304.42364000000725	
7.429999999999884	,303.79599000000724	
7.439999999999884	,303.1673600000073	
7.449999999999884	,302.53775000000724	
7.459999999999884	,301.9071600000073	
7.469999999999883	,301.27559000000736	
7.479999999999883	,300.6430400000074	
7.489999999999883	,300.0095100000074	
7.499999999999883	,299.3750000000075	
7.5099999999998825	,298.73951000000744	
7.519999999999882	,298.10304000000747	
7.529999999999882	,297.46559000000747	
7.539999999999882	,296.82716000000755	
7.549999999999882	,296.18775000000755	
7.5599999999998815	,295.5473600000076	
7.569999999999881	,294.9059900000076	
7.579999999999881	,294.2636400000076	
7.589999999999881	,293.62031000000763	
7.599999999999881	,292.9760000000077	
7.60999999999988	,292.3307100000077	
7.61999999999988	,291.6844400000077	
7.62999999999988	,291.03719000000774	
7.63999999999988	,290.3889600000077	
7.64999999999988	,289.7397500000078	
7.659999999999879	,289.08956000000785	
7.669999999999879	,288.43839000000787	
7.679999999999879	,287.78624000000787	
7.689999999999879	,287.1331100000079	
7.6999999999998785	,286.4790000000079	
7.709999999999878	,285.82391000000797	
7.719999999999878	,285.167840000008	
7.729999999999878	,284.510790000008	
7.739999999999878	,283.85276000000806	
7.749999999999877	,283.1937500000081	
7.759999999999877	,282.5337600000081	
7.769999999999877	,281.8727900000081	
7.779999999999877	,281.2108400000081	
7.789999999999877	,280.5479100000082	
7.799999999999876	,279.8840000000082	
7.809999999999876	,279.21911000000824	
7.819999999999876	,278.55324000000826	
7.829999999999876	,277.88639000000825	
7.8399999999998755	,277.2185600000083	
7.849999999999875	,276.5497500000083	
7.859999999999875	,275.8799600000084	
7.869999999999875	,275.20919000000833	
7.879999999999875	,274.5374400000084	
7.8899999999998744	,273.8647100000084	
7.899999999999874	,273.19100000000844	
7.909999999999874	,272.5163100000085	
7.919999999999874	,271.84064000000853	
7.929999999999874	,271.16399000000854	
7.939999999999873	,270.4863600000086	
7.949999999999873	,269.80775000000864	
7.959999999999873	,269.1281600000086	
7.969999999999873	,268.44759000000863	
7.9799999999998725	,267.76604000000873	
7.989999999999872	,267.0835100000087	
7.999999999999872	,266.40000000000873	
8.009999999999872	,265.7155100000087	
8.019999999999872	,265.03004000000874	
8.029999999999871	,264.3435900000088	
8.039999999999871	,263.6561600000088	
8.049999999999871	,262.96775000000883	
8.05999999999987	,262.27836000000895	
8.06999999999987	,261.587990000009	
8.07999999999987	,260.8966400000089	
8.08999999999987	,260.20431000000895	
8.09999999999987	,259.511000000009	
8.10999999999987	,258.81671000000904	
8.11999999999987	,258.12144000000904	
8.12999999999987	,257.4251900000091	
8.13999999999987	,256.72796000000903	
8.149999999999869	,256.02975000000913	
8.159999999999869	,255.33056000000917	
8.169999999999868	,254.63039000000919	
8.179999999999868	,253.92924000000923	
8.189999999999868	,253.22711000000925	
8.199999999999868	,252.52400000000927	
8.209999999999868	,251.81991000000932	
8.219999999999867	,251.11484000000934	
8.229999999999867	,250.40879000000936	
8.239999999999867	,249.70176000000936	
8.249999999999867	,248.99375000000944	
8.259999999999867	,248.28476000000944	
8.269999999999866	,247.57479000000944	
8.279999999999866	,246.86384000000947	
8.289999999999866	,246.15191000000954	
8.299999999999866	,245.43900000000954	
8.309999999999865	,244.72511000000958	
8.319999999999865	,244.0102400000096	
8.329999999999865	,243.29439000000968	
8.339999999999865	,242.57756000000973	
8.349999999999865	,241.85975000000968	
8.359999999999864	,241.14096000000978	
8.369999999999864	,240.42119000000974	
8.379999999999864	,239.7004400000098	
8.389999999999864	,238.97871000000987	
8.399999999999864	,238.2560000000098	
8.409999999999863	,237.53231000000994	
8.419999999999863	,236.80764000000988	
8.429999999999863	,236.0819900000099	
8.439999999999863	,235.35536000000997	
8.449999999999863	,234.62775000001	
8.459999999999862	,233.89916000001006	
8.469999999999862	,233.16959000001003	
8.479999999999862	,232.4390400000101	
8.489999999999862	,231.70751000001007	
8.499999999999861	,230.97500000001014	
8.509999999999861	,230.24151000001018	
8.519999999999861	,229.5070400000102	
8.52999999999986	,228.77159000001024	
8.53999999999986	,228.03516000001025	
8.54999999999986	,227.2977500000103	
8.55999999999986	,226.55936000001032	
8.56999999999986	,225.8199900000103	
8.57999999999986	,225.07964000001033	
8.58999999999986	,224.33831000001044	
8.59999999999986	,223.5960000000104	
8.609999999999859	,222.85271000001046	
8.619999999999859	,222.10844000001043	
8.629999999999859	,221.36319000001055	
8.639999999999858	,220.61696000001052	
8.649999999999858	,219.86975000001058	
8.659999999999858	,219.12156000001062	
8.669999999999858	,218.37239000001063	
8.679999999999858	,217.62224000001066	
8.689999999999857	,216.87111000001067	
8.699999999999857	,216.11900000001077	
8.709999999999857	,215.36591000001079	
8.719999999999857	,214.61184000001077	
8.729999999999857	,213.85679000001085	
8.739999999999856	,213.10076000001084	
8.749999999999856	,212.34375000001086	
8.759999999999856	,211.5857600000109	
8.769999999999856	,210.826790000011	
8.779999999999855	,210.06684000001098	
8.789999999999855	,209.305910000011	
8.799999999999855	,208.544000000011	
8.809999999999855	,207.78111000001104	
8.819999999999855	,207.01724000001116	
8.829999999999854	,206.25239000001108	
8.839999999999854	,205.4865600000112	
8.849999999999854	,204.71975000001112	
8.859999999999854	,203.95196000001118	
8.869999999999854	,203.18319000001122	
8.879999999999853	,202.41344000001124	
8.889999999999853	,201.64271000001133	
8.899999999999853	,200.87100000001135	
8.909999999999853	,200.09831000001134	
8.919999999999852	,199.32464000001136	
8.929999999999852	,198.54999000001146	
8.939999999999852	,197.77436000001148	
8.949999999999852	,196.99775000001148	
8.959999999999852	,196.22016000001156	
8.969999999999851	,195.4415900000115	
8.979999999999851	,194.66204000001153	
8.989999999999851	,193.8815100000116	
8.99999999999985	,193.10000000001168	
9.00999999999985	,192.31751000001162	
9.01999999999985	,191.53404000001171	
9.02999999999985	,190.74959000001172	
9.03999999999985	,189.96416000001182	
9.04999999999985	,189.17775000001177	
9.05999999999985	,188.3903600000118	
9.06999999999985	,187.60199000001188	
9.079999999999849	,186.81264000001192	
9.089999999999849	,186.02231000001194	
9.099999999999849	,185.23100000001193	
9.109999999999848	,184.438710000012	
9.119999999999848	,183.64544000001206	
9.129999999999848	,182.85119000001202	
9.139999999999848	,182.05596000001208	
9.149999999999848	,181.2597500000121	
9.159999999999847	,180.46256000001216	
9.169999999999847	,179.6643900000122	
9.179999999999847	,178.8652400000122	
9.189999999999847	,178.06511000001228	
9.199999999999847	,177.2640000000123	
9.209999999999846	,176.46191000001227	
9.219999999999846	,175.65884000001233	
9.229999999999846	,174.85479000001237	
9.239999999999846	,174.04976000001238	
9.249999999999845	,173.24375000001243	
9.259999999999845	,172.43676000001244	
9.269999999999845	,171.6287900000125	
9.279999999999845	,170.8198400000125	
9.289999999999845	,170.0099100000126	
9.299999999999844	,169.19900000001257	
9.309999999999844	,168.38711000001263	
9.319999999999844	,167.57424000001265	
9.329999999999844	,166.76039000001265	
9.339999999999844	,165.94556000001273	
9.349999999999843	,165.1297500000128	
9.359999999999843	,164.31296000001282	
9.369999999999843	,163.49519000001283	
9.379999999999843	,162.67644000001286	
9.389999999999842	,161.85671000001287	
9.399999999999842	,161.0360000000129	
9.409999999999842	,160.21431000001297	
9.419999999999842	,159.391640000013	
9.429999999999842	,158.56799000001303	
9.439999999999841	,157.743360000013	
9.449999999999841	,156.9177500000131	
9.459999999999841	,156.09116000001313	
9.46999999999984	,155.26359000001315	
9.47999999999984	,154.4350400000132	
9.48999999999984	,153.60551000001323	
9.49999999999984	,152.77500000001328	
9.50999999999984	,151.94351000001325	
9.51999999999984	,151.1110400000133	
9.52999999999984	,150.27759000001333	
9.53999999999984	,149.4431600000134	
9.549999999999839	,148.60775000001343	
9.559999999999839	,147.77136000001343	
9.569999999999839	,146.93399000001352	
9.579999999999838	,146.09564000001353	
9.589999999999838	,145.25631000001357	
9.599999999999838	,144.41600000001358	
9.609999999999838	,143.57471000001362	
9.619999999999838	,142.73244000001364	
9.629999999999837	,141.88919000001368	
9.639999999999837	,141.0449600000137	
9.649999999999837	,140.19975000001375	
9.659999999999837	,139.35356000001377	
9.669999999999837	,138.50639000001377	
9.679999999999836	,137.65824000001385	
9.689999999999836	,136.8091100000139	
9.699999999999836	,135.95900000001387	
9.709999999999836	,135.107910000014	
9.719999999999835	,134.25584000001402	
9.729999999999835	,133.40279000001408	
9.739999999999835	,132.5487600000141	
9.749999999999835	,131.69375000001412	
9.759999999999835	,130.8377600000141	
9.769999999999834	,129.98079000001417	
9.779999999999834	,129.1228400000142	
9.789999999999834	,128.26391000001428	
9.799999999999834	,127.40400000001432	
9.809999999999834	,126.54311000001428	
9.819999999999833	,125.68124000001433	
9.829999999999833	,124.81839000001435	
9.839999999999833	,123.9545600000144	
9.849999999999833	,123.08975000001442	
9.859999999999832	,122.22396000001442	
9.869999999999832	,121.35719000001455	
9.879999999999832	,120.48944000001455	
9.889999999999832	,119.62071000001458	
9.899999999999832	,118.75100000001464	
9.909999999999831	,117.88031000001462	
9.919999999999831	,117.00864000001468	
9.929999999999831	,116.13599000001471	
9.93999999999983	,115.26236000001472	
9.94999999999983	,114.38775000001476	
9.95999999999983	,113.51216000001489	
9.96999999999983	,112.63559000001487	
9.97999999999983	,111.75804000001489	
9.98999999999983	,110.87951000001488	
9.99999999999983	,110.00000000001495	
10.00999999999983	,109.119510000015	
10.019999999999829	,108.23804000001502	
10.029999999999829	,107.35559000001507	
10.039999999999829	,106.4721600000151	
10.049999999999828	,105.5877500000152	
10.059999999999828	,104.70236000001523	
10.069999999999828	,103.81599000001523	
10.079999999999828	,102.9286400000152	
10.089999999999828	,102.04031000001532	
10.099999999999827	,101.1510000000153	
10.109999999999827	,100.26071000001531	
10.119999999999827	,99.36944000001546	
10.129999999999827	,98.47719000001541	
10.139999999999826	,97.58396000001545	
10.149999999999826	,96.68975000001558	
10.159999999999826	,95.79456000001557	
10.169999999999826	,94.89839000001552	
10.179999999999826	,94.00124000001563	
10.189999999999825	,93.10311000001565	
10.199999999999825	,92.20400000001564	
10.209999999999825	,91.30391000001578	
10.219999999999825	,90.40284000001577	
10.229999999999825	,89.50079000001585	
10.239999999999824	,88.5977600000158	
10.249999999999824	,87.69375000001588	
10.259999999999824	,86.78876000001583	
10.269999999999824	,85.88279000001592	
10.279999999999824	,84.97584000001598	
10.289999999999823	,84.06791000001596	
10.299999999999823	,83.15900000001608	
10.309999999999823	,82.24911000001612	
10.319999999999823	,81.33824000001607	
10.329999999999822	,80.42639000001623	
10.339999999999822	,79.51356000001618	
10.349999999999822	,78.59975000001617	
10.359999999999822	,77.6849600000163	
10.369999999999822	,76.76919000001635	
10.379999999999821	,75.85244000001637	
10.389999999999821	,74.93471000001642	
10.399999999999821	,74.01600000001645	
10.40999999999982	,73.0963100000165	
10.41999999999982	,72.17564000001653	
10.42999999999982	,71.25399000001647	
10.43999999999982	,70.33136000001656	
10.44999999999982	,69.40775000001656	
10.45999999999982	,68.4831600000166	
10.46999999999982	,67.55759000001672	
10.47999999999982	,66.63104000001664	
10.489999999999819	,65.70351000001676	
10.499999999999819	,64.7750000000168	
10.509999999999819	,63.845510000016816	
10.519999999999818	,62.91504000001686	
10.529999999999818	,61.98359000001693	
10.539999999999818	,61.05116000001692	
10.549999999999818	,60.11775000001694	
10.559999999999818	,59.183360000017046	
10.569999999999817	,58.24799000001707	
10.579999999999817	,57.311640000017064	
10.589999999999817	,56.37431000001709	
10.599999999999817	,55.4360000000172	
10.609999999999816	,54.49671000001712	
10.619999999999816	,53.55644000001729	
10.629999999999816	,52.615190000017265	
10.639999999999816	,51.67296000001727	
10.649999999999816	,50.72975000001736	
10.659999999999815	,49.78556000001737	
10.669999999999815	,48.84039000001752	
10.679999999999815	,47.894240000017476	
10.689999999999815	,46.947110000017574	
10.699999999999815	,45.999000000017645	
10.709999999999814	,45.04991000001763	
10.719999999999814	,44.09984000001759	
10.729999999999814	,43.148790000017584	
10.739999999999814	,42.196760000017775	
10.749999999999813	,41.24375000001777	
10.759999999999813	,40.28976000001779	
10.769999999999813	,39.33479000001785	
10.779999999999813	,38.37884000001793	
10.789999999999813	,37.421910000017874	
10.799999999999812	,36.46400000001796	
10.809999999999812	,35.50511000001802	
10.819999999999812	,34.545240000018	
10.829999999999812	,33.58439000001806	
10.839999999999812	,32.622560000018154	
10.849999999999811	,31.659750000018164	
10.859999999999811	,30.695960000018204	
10.869999999999811	,29.731190000018273	
10.87999999999981	,28.765440000018202	
10.88999999999981	,27.798710000018275	
10.89999999999981	,26.83100000001832	
10.90999999999981	,25.862310000018283	
10.91999999999981	,24.892640000018446	
10.92999999999981	,23.92199000001841	
10.93999999999981	,22.95036000001852	
10.94999999999981	,21.977750000018432	
10.959999999999809	,21.0041600000186	
10.969999999999809	,20.02959000001863	
10.979999999999809	,19.054040000018688	
10.989999999999808	,18.077510000018663	
10.999999999999808	,17.100000000018667	
11.009999999999808	,16.121510000018816	
11.019999999999808	,15.142040000018824	
11.029999999999808	,14.161590000018862	
11.039999999999807	,13.180160000018873	
11.049999999999807	,12.197750000018914	
11.059999999999807	,11.214360000019042	
11.069999999999807	,10.229990000018972	
11.079999999999806	,9.244640000019047	
11.089999999999806	,8.258310000019037	
11.099999999999806	,7.271000000019171	
11.109999999999806	,6.282710000019165	
11.119999999999806	,5.293440000019189	
11.129999999999805	,4.303190000019185	
11.139999999999805	,3.311960000019212	
11.149999999999805	,2.319750000019326	
11.159999999999805	,1.3265600000193558	
11.169999999999805	,0.33239000001941577	
11.179999999999804	,0	
