2.0	,500.0	
2.01	,500.09902	
2.0199999999999996	,500.19706	
2.0299999999999994	,500.29412	
2.039999999999999	,500.3902	
2.049999999999999	,500.4853	
2.0599999999999987	,500.57941999999997	
2.0699999999999985	,500.67256	
2.0799999999999983	,500.76471999999995	
2.089999999999998	,500.85589999999996	
2.099999999999998	,500.94609999999994	
2.1099999999999977	,501.03531999999996	
2.1199999999999974	,501.12355999999994	
2.1299999999999972	,501.21081999999996	
2.139999999999997	,501.29709999999994	
2.149999999999997	,501.38239999999996	
2.1599999999999966	,501.46671999999995	
2.1699999999999964	,501.55006	
2.179999999999996	,501.63241999999997	
2.189999999999996	,501.7138	
2.1999999999999957	,501.7942	
2.2099999999999955	,501.87362	
2.2199999999999953	,501.95206	
2.229999999999995	,502.02952	
2.239999999999995	,502.106	
2.2499999999999947	,502.18149999999997	
2.2599999999999945	,502.25602	
2.2699999999999942	,502.32955999999996	
2.279999999999994	,502.40211999999997	
2.289999999999994	,502.47369999999995	
2.2999999999999936	,502.54429999999996	
2.3099999999999934	,502.61391999999995	
2.319999999999993	,502.68255999999997	
2.329999999999993	,502.75021999999996	
2.3399999999999928	,502.8169	
2.3499999999999925	,502.88259999999997	
2.3599999999999923	,502.94732	
2.369999999999992	,503.01106	
2.379999999999992	,503.07382	
2.3899999999999917	,503.1356	
2.3999999999999915	,503.1964	
2.4099999999999913	,503.25622	
2.419999999999991	,503.31505999999996	
2.429999999999991	,503.37291999999997	
2.4399999999999906	,503.42979999999994	
2.4499999999999904	,503.48569999999995	
2.45999999999999	,503.54061999999993	
2.46999999999999	,503.59455999999994	
2.4799999999999898	,503.64751999999993	
2.4899999999999896	,503.69949999999994	
2.4999999999999893	,503.75049999999993	
2.509999999999989	,503.80051999999995	
2.519999999999989	,503.84955999999994	
2.5299999999999887	,503.89761999999996	
2.5399999999999885	,503.94469999999995	
2.5499999999999883	,503.9908	
2.559999999999988	,504.03592	
2.569999999999988	,504.08006	
2.5799999999999876	,504.12322	
2.5899999999999874	,504.1654	
2.599999999999987	,504.2066	
2.609999999999987	,504.24681999999996	
2.619999999999987	,504.28605999999996	
2.6299999999999866	,504.32431999999994	
2.6399999999999864	,504.36159999999995	
2.649999999999986	,504.39789999999994	
2.659999999999986	,504.43321999999995	
2.6699999999999857	,504.46755999999993	
2.6799999999999855	,504.50091999999995	
2.6899999999999853	,504.53329999999994	
2.699999999999985	,504.56469999999996	
2.709999999999985	,504.59511999999995	
2.7199999999999847	,504.62456	
2.7299999999999844	,504.65301999999997	
2.7399999999999842	,504.6805	
2.749999999999984	,504.707	
2.759999999999984	,504.73251999999997	
2.7699999999999836	,504.75705999999997	
2.7799999999999834	,504.78061999999994	
2.789999999999983	,504.80319999999995	
2.799999999999983	,504.8247999999999	
2.8099999999999827	,504.84541999999993	
2.8199999999999825	,504.8650599999999	
2.8299999999999823	,504.8837199999999	
2.839999999999982	,504.9013999999999	
2.849999999999982	,504.9180999999999	
2.8599999999999817	,504.9338199999999	
2.8699999999999815	,504.94855999999993	
2.8799999999999812	,504.9623199999999	
2.889999999999981	,504.97509999999994	
2.899999999999981	,504.98689999999993	
2.9099999999999806	,504.99771999999996	
2.9199999999999804	,505.00755999999996	
2.92999999999998	,505.01642	
2.93999999999998	,505.0243	
2.9499999999999797	,505.03119999999996	
2.9599999999999795	,505.03711999999996	
2.9699999999999793	,505.04205999999994	
2.979999999999979	,505.04601999999994	
2.989999999999979	,505.0489999999999	
2.9999999999999787	,505.05099999999993	
3.0099999999999785	,505.0520199999999	
3.0199999999999783	,505.0520599999999	
3.029999999999978	,505.0511199999999	
3.039999999999978	,505.0491999999999	
3.0499999999999776	,505.0462999999999	
3.0599999999999774	,505.04241999999994	
3.069999999999977	,505.0375599999999	
3.079999999999977	,505.03171999999995	
3.0899999999999768	,505.02489999999995	
3.0999999999999766	,505.01709999999997	
3.1099999999999763	,505.00831999999997	
3.119999999999976	,504.99855999999994	
3.129999999999976	,504.98781999999994	
3.1399999999999757	,504.9760999999999	
3.1499999999999755	,504.9633999999999	
3.1599999999999753	,504.9497199999999	
3.169999999999975	,504.9350599999999	
3.179999999999975	,504.9194199999999	
3.1899999999999746	,504.9027999999999	
3.1999999999999744	,504.8851999999999	
3.209999999999974	,504.8666199999999	
3.219999999999974	,504.8470599999999	
3.229999999999974	,504.8265199999999	
3.2399999999999736	,504.8049999999999	
3.2499999999999734	,504.7824999999999	
3.259999999999973	,504.7590199999999	
3.269999999999973	,504.73455999999993	
3.2799999999999727	,504.7091199999999	
3.2899999999999725	,504.68269999999995	
3.2999999999999723	,504.65529999999995	
3.309999999999972	,504.6269199999999	
3.319999999999972	,504.59755999999993	
3.3299999999999716	,504.5672199999999	
3.3399999999999714	,504.5358999999999	
3.3499999999999712	,504.5035999999999	
3.359999999999971	,504.4703199999999	
3.369999999999971	,504.4360599999999	
3.3799999999999706	,504.4008199999999	
3.3899999999999704	,504.3645999999999	
3.39999999999997	,504.3273999999999	
3.40999999999997	,504.2892199999999	
3.4199999999999697	,504.2500599999999	
3.4299999999999695	,504.2099199999999	
3.4399999999999693	,504.1687999999999	
3.449999999999969	,504.1266999999999	
3.459999999999969	,504.08361999999994	
3.4699999999999687	,504.03955999999994	
3.4799999999999685	,503.99451999999997	
3.4899999999999682	,503.94849999999997	
3.499999999999968	,503.90149999999994	
3.509999999999968	,503.85351999999995	
3.5199999999999676	,503.8045599999999	
3.5299999999999674	,503.75461999999993	
3.539999999999967	,503.7036999999999	
3.549999999999967	,503.6517999999999	
3.5599999999999667	,503.5989199999999	
3.5699999999999665	,503.5450599999999	
3.5799999999999663	,503.4902199999999	
3.589999999999966	,503.4343999999999	
3.599999999999966	,503.3775999999999	
3.6099999999999657	,503.31981999999994	
3.6199999999999655	,503.26105999999993	
3.6299999999999653	,503.20131999999995	
3.639999999999965	,503.14059999999995	
3.649999999999965	,503.0789	
3.6599999999999646	,503.01622	
3.6699999999999644	,502.95255999999995	
3.679999999999964	,502.88791999999995	
3.689999999999964	,502.8222999999999	
3.6999999999999638	,502.75569999999993	
3.7099999999999635	,502.6881199999999	
3.7199999999999633	,502.6195599999999	
3.729999999999963	,502.5500199999999	
3.739999999999963	,502.4794999999999	
3.7499999999999627	,502.4079999999999	
3.7599999999999625	,502.3355199999999	
3.7699999999999623	,502.2620599999999	
3.779999999999962	,502.1876199999999	
3.789999999999962	,502.1121999999999	
3.7999999999999616	,502.03579999999994	
3.8099999999999614	,501.95841999999993	
3.819999999999961	,501.88005999999996	
3.829999999999961	,501.80071999999996	
3.839999999999961	,501.7204	
3.8499999999999606	,501.6391	
3.8599999999999604	,501.55681999999996	
3.86999999999996	,501.47355999999996	
3.87999999999996	,501.38931999999994	
3.8899999999999597	,501.30409999999995	
3.8999999999999595	,501.21789999999993	
3.9099999999999593	,501.13071999999994	
3.919999999999959	,501.0425599999999	
3.929999999999959	,500.95341999999994	
3.9399999999999586	,500.8632999999999	
3.9499999999999584	,500.77219999999994	
3.959999999999958	,500.68011999999993	
3.969999999999958	,500.58705999999995	
3.979999999999958	,500.49301999999994	
3.9899999999999576	,500.39799999999997	
3.9999999999999574	,500.30199999999996	
4.009999999999957	,500.20502	
4.019999999999957	,500.10706	
4.029999999999957	,500.00811999999996	
4.0399999999999565	,499.90819999999997	
4.049999999999956	,499.80729999999994	
4.059999999999956	,499.70541999999995	
4.069999999999956	,499.6025599999999	
4.079999999999956	,499.49871999999993	
4.0899999999999554	,499.3938999999999	
4.099999999999955	,499.28809999999993	
4.109999999999955	,499.1813199999999	
4.119999999999955	,499.07355999999993	
4.129999999999955	,498.9648199999999	
4.139999999999954	,498.85509999999994	
4.149999999999954	,498.7443999999999	
4.159999999999954	,498.63271999999995	
4.169999999999954	,498.52005999999994	
4.1799999999999535	,498.40641999999997	
4.189999999999953	,498.29179999999997	
4.199999999999953	,498.1762	
4.209999999999953	,498.05962	
4.219999999999953	,497.94205999999997	
4.2299999999999525	,497.82352	
4.239999999999952	,497.70399999999995	
4.249999999999952	,497.58349999999996	
4.259999999999952	,497.46201999999994	
4.269999999999952	,497.33955999999995	
4.279999999999951	,497.21611999999993	
4.289999999999951	,497.09169999999995	
4.299999999999951	,496.96629999999993	
4.309999999999951	,496.83991999999995	
4.3199999999999505	,496.71255999999994	
4.32999999999995	,496.58421999999996	
4.33999999999995	,496.45489999999995	
4.34999999999995	,496.3246	
4.35999999999995	,496.19331999999997	
4.3699999999999495	,496.06106	
4.379999999999949	,495.92782	
4.389999999999949	,495.79359999999997	
4.399999999999949	,495.6584	
4.409999999999949	,495.52221999999995	
4.419999999999948	,495.38505999999995	
4.429999999999948	,495.24691999999993	
4.439999999999948	,495.10779999999994	
4.449999999999948	,494.9676999999999	
4.459999999999948	,494.82661999999993	
4.469999999999947	,494.6845599999999	
4.479999999999947	,494.54151999999993	
4.489999999999947	,494.3974999999999	
4.499999999999947	,494.25249999999994	
4.5099999999999465	,494.10651999999993	
4.519999999999946	,493.95955999999995	
4.529999999999946	,493.81161999999995	
4.539999999999946	,493.6627	
4.549999999999946	,493.51279999999997	
4.559999999999945	,493.36192	
4.569999999999945	,493.21006	
4.579999999999945	,493.05722	
4.589999999999945	,492.9034	
4.599999999999945	,492.74859999999995	
4.609999999999944	,492.59281999999996	
4.619999999999944	,492.43605999999994	
4.629999999999944	,492.27831999999995	
4.639999999999944	,492.11959999999993	
4.6499999999999435	,491.95989999999995	
4.659999999999943	,491.79921999999993	
4.669999999999943	,491.63755999999995	
4.679999999999943	,491.47491999999994	
4.689999999999943	,491.31129999999996	
4.6999999999999424	,491.14669999999995	
4.709999999999942	,490.98112	
4.719999999999942	,490.81456	
4.729999999999942	,490.64702	
4.739999999999942	,490.4785	
4.749999999999941	,490.30899999999997	
4.759999999999941	,490.13851999999997	
4.769999999999941	,489.96705999999995	
4.779999999999941	,489.79461999999995	
4.7899999999999405	,489.62119999999993	
4.79999999999994	,489.44679999999994	
4.80999999999994	,489.2714199999999	
4.81999999999994	,489.09505999999993	
4.82999999999994	,488.9177199999999	
4.8399999999999395	,488.73939999999993	
4.849999999999939	,488.5600999999999	
4.859999999999939	,488.37981999999994	
4.869999999999939	,488.19855999999993	
4.879999999999939	,488.01631999999995	
4.889999999999938	,487.83309999999994	
4.899999999999938	,487.64889999999997	
4.909999999999938	,487.46371999999997	
4.919999999999938	,487.27756	
4.9299999999999375	,487.09042	
4.939999999999937	,486.90229999999997	
4.949999999999937	,486.7132	
4.959999999999937	,486.52311999999995	
4.969999999999937	,486.33205999999996	
4.9799999999999365	,486.14001999999994	
4.989999999999936	,485.94699999999995	
4.999999999999936	,485.75299999999993	
5.009999999999936	,485.55801999999994	
5.019999999999936	,485.36205999999993	
5.029999999999935	,485.16511999999994	
5.039999999999935	,484.96719999999993	
5.049999999999935	,484.76829999999995	
5.059999999999935	,484.56841999999995	
5.069999999999935	,484.36755999999997	
5.079999999999934	,484.16571999999996	
5.089999999999934	,483.9629	
5.099999999999934	,483.7591	
5.109999999999934	,483.55431999999996	
5.1199999999999335	,483.34855999999996	
5.129999999999933	,483.14181999999994	
5.139999999999933	,482.93409999999994	
5.149999999999933	,482.7253999999999	
5.159999999999933	,482.51571999999993	
5.169999999999932	,482.3050599999999	
5.179999999999932	,482.0934199999999	
5.189999999999932	,481.8807999999999	
5.199999999999932	,481.6671999999999	
5.209999999999932	,481.4526199999999	
5.219999999999931	,481.23705999999993	
5.229999999999931	,481.0205199999999	
5.239999999999931	,480.80299999999994	
5.249999999999931	,480.58449999999993	
5.2599999999999305	,480.36501999999996	
5.26999999999993	,480.14455999999996	
5.27999999999993	,479.92312	
5.28999999999993	,479.7007	
5.29999999999993	,479.47729999999996	
5.309999999999929	,479.25291999999996	
5.319999999999929	,479.02755999999994	
5.329999999999929	,478.80121999999994	
5.339999999999929	,478.5738999999999	
5.349999999999929	,478.34559999999993	
5.359999999999928	,478.1163199999999	
5.369999999999928	,477.88605999999993	
5.379999999999928	,477.6548199999999	
5.389999999999928	,477.42259999999993	
5.3999999999999275	,477.1893999999999	
5.409999999999927	,476.95521999999994	
5.419999999999927	,476.72005999999993	
5.429999999999927	,476.48391999999996	
5.439999999999927	,476.24679999999995	
5.4499999999999265	,476.0087	
5.459999999999926	,475.76962	
5.469999999999926	,475.52955999999995	
5.479999999999926	,475.28851999999995	
5.489999999999926	,475.0464999999999	
5.499999999999925	,474.80349999999993	
5.509999999999925	,474.5595199999999	
5.519999999999925	,474.3145599999999	
5.529999999999925	,474.0686199999999	
5.5399999999999245	,473.8216999999999	
5.549999999999924	,473.5737999999999	
5.559999999999924	,473.3249199999999	
5.569999999999924	,473.0750599999999	
5.579999999999924	,472.8242199999999	
5.5899999999999235	,472.5723999999999	
5.599999999999923	,472.3195999999999	
5.609999999999923	,472.0658199999999	
5.619999999999923	,471.81105999999994	
5.629999999999923	,471.55531999999994	
5.639999999999922	,471.29859999999996	
5.649999999999922	,471.04089999999997	
5.659999999999922	,470.78221999999994	
5.669999999999922	,470.52255999999994	
5.679999999999922	,470.2619199999999	
5.689999999999921	,470.0002999999999	
5.699999999999921	,469.7376999999999	
5.709999999999921	,469.4741199999999	
5.719999999999921	,469.2095599999999	
5.7299999999999205	,468.9440199999999	
5.73999999999992	,468.6774999999999	
5.74999999999992	,468.4099999999999	
5.75999999999992	,468.1415199999999	
5.76999999999992	,467.8720599999999	
5.779999999999919	,467.6016199999999	
5.789999999999919	,467.33019999999993	
5.799999999999919	,467.05779999999993	
5.809999999999919	,466.78441999999995	
5.819999999999919	,466.51005999999995	
5.829999999999918	,466.23472	
5.839999999999918	,465.9584	
5.849999999999918	,465.68109999999996	
5.859999999999918	,465.40281999999996	
5.8699999999999175	,465.12355999999994	
5.879999999999917	,464.84331999999995	
5.889999999999917	,464.56209999999993	
5.899999999999917	,464.27989999999994	
5.909999999999917	,463.9967199999999	
5.919999999999916	,463.71255999999994	
5.929999999999916	,463.4274199999999	
5.939999999999916	,463.14129999999994	
5.949999999999916	,462.85419999999993	
5.959999999999916	,462.56611999999996	
5.969999999999915	,462.27705999999995	
5.979999999999915	,461.98702	
5.989999999999915	,461.69599999999997	
5.999999999999915	,461.404	
6.0099999999999145	,461.11102	
6.019999999999914	,460.81705999999997	
6.029999999999914	,460.52212	
6.039999999999914	,460.22619999999995	
6.049999999999914	,459.92929999999996	
6.0599999999999135	,459.63141999999993	
6.069999999999913	,459.33255999999994	
6.079999999999913	,459.0327199999999	
6.089999999999913	,458.73189999999994	
6.099999999999913	,458.4300999999999	
6.109999999999912	,458.12731999999994	
6.119999999999912	,457.82355999999993	
6.129999999999912	,457.51881999999995	
6.139999999999912	,457.21309999999994	
6.1499999999999115	,456.90639999999996	
6.159999999999911	,456.59871999999996	
6.169999999999911	,456.29006	
6.179999999999911	,455.98042	
6.189999999999911	,455.6698	
6.1999999999999105	,455.3582	
6.20999999999991	,455.04562	
6.21999999999991	,454.73206	
6.22999999999991	,454.41751999999997	
6.23999999999991	,454.102	
6.249999999999909	,453.78549999999996	
6.259999999999909	,453.46801999999997	
6.269999999999909	,453.14955999999995	
6.279999999999909	,452.83011999999997	
6.2899999999999086	,452.50969999999995	
6.299999999999908	,452.18829999999997	
6.309999999999908	,451.86591999999996	
6.319999999999908	,451.54256	
6.329999999999908	,451.21822	
6.3399999999999075	,450.8929	
6.349999999999907	,450.5666	
6.359999999999907	,450.23932	
6.369999999999907	,449.91106	
6.379999999999907	,449.58182	
6.389999999999906	,449.2516	
6.399999999999906	,448.9204	
6.409999999999906	,448.58822	
6.419999999999906	,448.25505999999996	
6.429999999999906	,447.92091999999997	
6.439999999999905	,447.58579999999995	
6.449999999999905	,447.24969999999996	
6.459999999999905	,446.91261999999995	
6.469999999999905	,446.57455999999996	
6.4799999999999045	,446.23551999999995	
6.489999999999904	,445.89549999999997	
6.499999999999904	,445.55449999999996	
6.509999999999904	,445.21252	
6.519999999999904	,444.86956	
6.529999999999903	,444.52562	
6.539999999999903	,444.1807	
6.549999999999903	,443.83480000000003	
6.559999999999903	,443.48792000000003	
6.569999999999903	,443.14006	
6.579999999999902	,442.79122	
6.589999999999902	,442.4414	
6.599999999999902	,442.0906	
6.609999999999902	,441.73882	
6.6199999999999015	,441.38606	
6.629999999999901	,441.03231999999997	
6.639999999999901	,440.6776	
6.649999999999901	,440.32189999999997	
6.659999999999901	,439.96522	
6.6699999999999005	,439.60756	
6.6799999999999	,439.24892	
6.6899999999999	,438.8893	
6.6999999999999	,438.5287	
6.7099999999999	,438.16712	
6.719999999999899	,437.80456000000004	
6.729999999999899	,437.44102000000004	
6.739999999999899	,437.07650000000007	
6.749999999999899	,436.71100000000007	
6.7599999999998985	,436.34452000000005	
6.769999999999898	,435.97706000000005	
6.779999999999898	,435.60862000000003	
6.789999999999898	,435.23920000000004	
6.799999999999898	,434.8688	
6.8099999999998975	,434.49742000000003	
6.819999999999897	,434.12506	
6.829999999999897	,433.75172000000003	
6.839999999999897	,433.3774	
6.849999999999897	,433.00210000000004	
6.859999999999896	,432.62582000000003	
6.869999999999896	,432.24856000000005	
6.879999999999896	,431.87032000000005	
6.889999999999896	,431.4911000000001	
6.8999999999998956	,431.1109000000001	
6.909999999999895	,430.7297200000001	
6.919999999999895	,430.3475600000001	
6.929999999999895	,429.9644200000001	
6.939999999999895	,429.5803000000001	
6.9499999999998945	,429.19520000000006	
6.959999999999894	,428.80912000000006	
6.969999999999894	,428.42206000000004	
6.979999999999894	,428.03402000000006	
6.989999999999894	,427.64500000000004	
6.999999999999893	,427.25500000000005	
7.009999999999893	,426.86402000000004	
7.019999999999893	,426.47206000000006	
7.029999999999893	,426.07912000000005	
7.039999999999893	,425.68520000000007	
7.049999999999892	,425.29030000000006	
7.059999999999892	,424.8944200000001	
7.069999999999892	,424.4975600000001	
7.079999999999892	,424.0997200000001	
7.0899999999998915	,423.7009000000001	
7.099999999999891	,423.30110000000013	
7.109999999999891	,422.90032000000014	
7.119999999999891	,422.4985600000001	
7.129999999999891	,422.0958200000001	
7.13999999999989	,421.6921000000001	
7.14999999999989	,421.2874000000001	
7.15999999999989	,420.8817200000001	
7.16999999999989	,420.4750600000001	
7.17999999999989	,420.0674200000001	
7.189999999999889	,419.6588000000001	
7.199999999999889	,419.2492000000001	
7.209999999999889	,418.8386200000001	
7.219999999999889	,418.4270600000001	
7.2299999999998885	,418.0145200000001	
7.239999999999888	,417.6010000000001	
7.249999999999888	,417.18650000000014	
7.259999999999888	,416.77102000000014	
7.269999999999888	,416.35456000000016	
7.2799999999998875	,415.93712000000016	
7.289999999999887	,415.51870000000014	
7.299999999999887	,415.09930000000014	
7.309999999999887	,414.6789200000001	
7.319999999999887	,414.2575600000001	
7.329999999999886	,413.8352200000001	
7.339999999999886	,413.4119000000001	
7.349999999999886	,412.9876000000001	
7.359999999999886	,412.5623200000001	
7.3699999999998855	,412.1360600000001	
7.379999999999885	,411.7088200000001	
7.389999999999885	,411.2806000000001	
7.399999999999885	,410.8514000000001	
7.409999999999885	,410.4212200000001	
7.4199999999998845	,409.99006000000014	
7.429999999999884	,409.55792000000014	
7.439999999999884	,409.12480000000016	
7.449999999999884	,408.69070000000016	
7.459999999999884	,408.2556200000002	
7.469999999999883	,407.8195600000002	
7.479999999999883	,407.38252000000017	
7.489999999999883	,406.9445000000002	
7.499999999999883	,406.50550000000015	
7.5099999999998825	,406.06552000000016	
7.519999999999882	,405.62456000000014	
7.529999999999882	,405.18262000000016	
7.539999999999882	,404.73970000000014	
7.549999999999882	,404.29580000000016	
7.5599999999998815	,403.85092000000014	
7.569999999999881	,403.40506000000016	
7.579999999999881	,402.95822000000015	
7.589999999999881	,402.5104000000002	
7.599999999999881	,402.06160000000017	
7.60999999999988	,401.6118200000002	
7.61999999999988	,401.1610600000002	
7.62999999999988	,400.7093200000002	
7.63999999999988	,400.2566000000002	
7.64999999999988	,399.80290000000025	
7.659999999999879	,399.34822000000025	
7.669999999999879	,398.89256000000023	
7.679999999999879	,398.43592000000024	
7.689999999999879	,397.9783000000002	
7.6999999999998785	,397.5197000000002	
7.709999999999878	,397.0601200000002	
7.719999999999878	,396.5995600000002	
7.729999999999878	,396.1380200000002	
7.739999999999878	,395.6755000000002	
7.749999999999877	,395.2120000000002	
7.759999999999877	,394.74752000000024	
7.769999999999877	,394.28206000000023	
7.779999999999877	,393.81562000000025	
7.789999999999877	,393.34820000000025	
7.799999999999876	,392.8798000000003	
7.809999999999876	,392.4104200000003	
7.819999999999876	,391.9400600000003	
7.829999999999876	,391.4687200000003	
7.8399999999998755	,390.9964000000003	
7.849999999999875	,390.5231000000003	
7.859999999999875	,390.04882000000026	
7.869999999999875	,389.57356000000027	
7.879999999999875	,389.09732000000025	
7.8899999999998744	,388.62010000000026	
7.899999999999874	,388.14190000000025	
7.909999999999874	,387.66272000000026	
7.919999999999874	,387.18256000000025	
7.929999999999874	,386.70142000000027	
7.939999999999873	,386.21930000000026	
7.949999999999873	,385.7362000000003	
7.959999999999873	,385.2521200000003	
7.969999999999873	,384.7670600000003	
7.9799999999998725	,384.2810200000003	
7.989999999999872	,383.7940000000003	
7.999999999999872	,383.3060000000003	
8.009999999999872	,382.81702000000035	
8.019999999999872	,382.32706000000036	
8.029999999999871	,381.83612000000034	
8.039999999999871	,381.34420000000034	
8.049999999999871	,380.8513000000003	
8.05999999999987	,380.35742000000033	
8.06999999999987	,379.8625600000003	
8.07999999999987	,379.3667200000003	
8.08999999999987	,378.8699000000003	
8.09999999999987	,378.37210000000033	
8.10999999999987	,377.8733200000003	
8.11999999999987	,377.37356000000034	
8.12999999999987	,376.87282000000033	
8.13999999999987	,376.37110000000035	
8.149999999999869	,375.86840000000035	
8.159999999999869	,375.3647200000004	
8.169999999999868	,374.8600600000004	
8.179999999999868	,374.3544200000004	
8.189999999999868	,373.8478000000004	
8.199999999999868	,373.3402000000004	
8.209999999999868	,372.8316200000004	
8.219999999999867	,372.32206000000036	
8.229999999999867	,371.81152000000037	
8.239999999999867	,371.30000000000035	
8.249999999999867	,370.78750000000036	
8.259999999999867	,370.27402000000035	
8.269999999999866	,369.75956000000036	
8.279999999999866	,369.24412000000035	
8.289999999999866	,368.72770000000037	
8.299999999999866	,368.21030000000036	
8.309999999999865	,367.6919200000004	
8.319999999999865	,367.1725600000004	
8.329999999999865	,366.6522200000004	
8.339999999999865	,366.1309000000004	
8.349999999999865	,365.6086000000004	
8.359999999999864	,365.0853200000004	
8.369999999999864	,364.56106000000045	
8.379999999999864	,364.03582000000046	
8.389999999999864	,363.50960000000043	
8.399999999999864	,362.98240000000044	
8.409999999999863	,362.4542200000004	
8.419999999999863	,361.9250600000004	
8.429999999999863	,361.3949200000004	
8.439999999999863	,360.8638000000004	
8.449999999999863	,360.3317000000004	
8.459999999999862	,359.7986200000004	
8.469999999999862	,359.2645600000004	
8.479999999999862	,358.72952000000043	
8.489999999999862	,358.1935000000004	
8.499999999999861	,357.65650000000045	
8.509999999999861	,357.11852000000044	
8.519999999999861	,356.57956000000047	
8.52999999999986	,356.03962000000047	
8.53999999999986	,355.4987000000005	
8.54999999999986	,354.9568000000005	
8.55999999999986	,354.41392000000053	
8.56999999999986	,353.87006000000054	
8.57999999999986	,353.3252200000005	
8.58999999999986	,352.7794000000005	
8.59999999999986	,352.2326000000005	
8.609999999999859	,351.6848200000005	
8.619999999999859	,351.1360600000005	
8.629999999999859	,350.5863200000005	
8.639999999999858	,350.0356000000005	
8.649999999999858	,349.4839000000005	
8.659999999999858	,348.9312200000005	
8.669999999999858	,348.3775600000005	
8.679999999999858	,347.8229200000005	
8.689999999999857	,347.26730000000055	
8.699999999999857	,346.71070000000054	
8.709999999999857	,346.15312000000057	
8.719999999999857	,345.59456000000057	
8.729999999999857	,345.0350200000006	
8.739999999999856	,344.4745000000006	
8.749999999999856	,343.9130000000006	
8.759999999999856	,343.3505200000006	
8.769999999999856	,342.78706000000057	
8.779999999999855	,342.2226200000006	
8.789999999999855	,341.65720000000056	
8.799999999999855	,341.09080000000057	
8.809999999999855	,340.52342000000056	
8.819999999999855	,339.95506000000057	
8.829999999999854	,339.38572000000056	
8.839999999999854	,338.8154000000006	
8.849999999999854	,338.24410000000057	
8.859999999999854	,337.6718200000006	
8.869999999999854	,337.0985600000006	
8.879999999999853	,336.5243200000006	
8.889999999999853	,335.9491000000006	
8.899999999999853	,335.37290000000064	
8.909999999999853	,334.79572000000064	
8.919999999999852	,334.2175600000007	
8.929999999999852	,333.6384200000007	
8.939999999999852	,333.05830000000066	
8.949999999999852	,332.47720000000066	
8.959999999999852	,331.89512000000065	
8.969999999999851	,331.31206000000066	
8.979999999999851	,330.72802000000064	
8.989999999999851	,330.14300000000065	
8.99999999999985	,329.55700000000064	
9.00999999999985	,328.97002000000066	
9.01999999999985	,328.38206000000065	
9.02999999999985	,327.79312000000067	
9.03999999999985	,327.20320000000066	
9.04999999999985	,326.6123000000007	
9.05999999999985	,326.0204200000007	
9.06999999999985	,325.4275600000007	
9.079999999999849	,324.8337200000007	
9.089999999999849	,324.23890000000074	
9.099999999999849	,323.64310000000074	
9.109999999999848	,323.0463200000007	
9.119999999999848	,322.4485600000007	
9.129999999999848	,321.8498200000007	
9.139999999999848	,321.2501000000007	
9.149999999999848	,320.6494000000007	
9.159999999999847	,320.0477200000007	
9.169999999999847	,319.4450600000007	
9.179999999999847	,318.8414200000007	
9.189999999999847	,318.2368000000007	
9.199999999999847	,317.6312000000007	
9.209999999999846	,317.0246200000007	
9.219999999999846	,316.41706000000073	
9.229999999999846	,315.8085200000007	
9.239999999999846	,315.19900000000075	
9.249999999999845	,314.58850000000075	
9.259999999999845	,313.9770200000008	
9.269999999999845	,313.3645600000008	
9.279999999999845	,312.7511200000008	
9.289999999999845	,312.1367000000008	
9.299999999999844	,311.5213000000008	
9.309999999999844	,310.9049200000008	
9.319999999999844	,310.2875600000008	
9.329999999999844	,309.6692200000008	
9.339999999999844	,309.0499000000008	
9.349999999999843	,308.4296000000008	
9.359999999999843	,307.8083200000008	
9.369999999999843	,307.1860600000008	
9.379999999999843	,306.5628200000008	
9.389999999999842	,305.9386000000008	
9.399999999999842	,305.3134000000008	
9.409999999999842	,304.6872200000008	
9.419999999999842	,304.0600600000008	
9.429999999999842	,303.43192000000084	
9.439999999999841	,302.80280000000084	
9.449999999999841	,302.1727000000009	
9.459999999999841	,301.5416200000009	
9.46999999999984	,300.90956000000085	
9.47999999999984	,300.27652000000086	
9.48999999999984	,299.64250000000084	
9.49999999999984	,299.00750000000085	
9.50999999999984	,298.3715200000008	
9.51999999999984	,297.73456000000084	
9.52999999999984	,297.0966200000008	
9.53999999999984	,296.45770000000084	
9.549999999999839	,295.81780000000083	
9.559999999999839	,295.17692000000085	
9.569999999999839	,294.53506000000084	
9.579999999999838	,293.89222000000086	
9.589999999999838	,293.24840000000086	
9.599999999999838	,292.6036000000009	
9.609999999999838	,291.9578200000009	
9.619999999999838	,291.3110600000009	
9.629999999999837	,290.6633200000009	
9.639999999999837	,290.01460000000094	
9.649999999999837	,289.36490000000094	
9.659999999999837	,288.7142200000009	
9.669999999999837	,288.06256000000093	
9.679999999999836	,287.4099200000009	
9.689999999999836	,286.7563000000009	
9.699999999999836	,286.1017000000009	
9.709999999999836	,285.4461200000009	
9.719999999999835	,284.7895600000009	
9.729999999999835	,284.1320200000009	
9.739999999999835	,283.4735000000009	
9.749999999999835	,282.81400000000093	
9.759999999999835	,282.1535200000009	
9.769999999999834	,281.49206000000095	
9.779999999999834	,280.82962000000094	
9.789999999999834	,280.16620000000097	
9.799999999999834	,279.50180000000097	
9.809999999999834	,278.836420000001	
9.819999999999833	,278.170060000001	
9.829999999999833	,277.50272000000103	
9.839999999999833	,276.83440000000104	
9.849999999999833	,276.165100000001	
9.859999999999832	,275.494820000001	
9.869999999999832	,274.823560000001	
9.879999999999832	,274.151320000001	
9.889999999999832	,273.478100000001	
9.899999999999832	,272.803900000001	
9.909999999999831	,272.128720000001	
9.919999999999831	,271.45256000000103	
9.929999999999831	,270.775420000001	
9.93999999999983	,270.09730000000104	
9.94999999999983	,269.41820000000104	
9.95999999999983	,268.73812000000106	
9.96999999999983	,268.05706000000106	
9.97999999999983	,267.3750200000011	
9.98999999999983	,266.6920000000011	
9.99999999999983	,266.0080000000011	
10.00999999999983	,265.3230200000011	
10.019999999999829	,264.6370600000011	
10.029999999999829	,263.9501200000011	
10.039999999999829	,263.2622000000011	
10.049999999999828	,262.5733000000011	
10.059999999999828	,261.8834200000011	
10.069999999999828	,261.1925600000011	
10.079999999999828	,260.5007200000011	
10.089999999999828	,259.8079000000011	
10.099999999999827	,259.1141000000011	
10.109999999999827	,258.4193200000011	
10.119999999999827	,257.7235600000011	
10.129999999999827	,257.0268200000011	
10.139999999999826	,256.3291000000011	
10.149999999999826	,255.63040000000112	
10.159999999999826	,254.93072000000112	
10.169999999999826	,254.23006000000112	
10.179999999999826	,253.52842000000112	
10.189999999999825	,252.82580000000112	
10.199999999999825	,252.12220000000113	
10.209999999999825	,251.41762000000114	
10.219999999999825	,250.71206000000114	
10.229999999999825	,250.00552000000116	
10.239999999999824	,249.29800000000117	
10.249999999999824	,248.58950000000118	
10.259999999999824	,247.8800200000012	
10.269999999999824	,247.1695600000012	
10.279999999999824	,246.45812000000123	
10.289999999999823	,245.74570000000122	
10.299999999999823	,245.03230000000121	
10.309999999999823	,244.3179200000012	
10.319999999999823	,243.6025600000012	
10.329999999999822	,242.8862200000012	
10.339999999999822	,242.1689000000012	
10.349999999999822	,241.4506000000012	
10.359999999999822	,240.7313200000012	
10.369999999999822	,240.0110600000012	
10.379999999999821	,239.2898200000012	
10.389999999999821	,238.56760000000122	
10.399999999999821	,237.84440000000123	
10.40999999999982	,237.12022000000124	
10.41999999999982	,236.39506000000125	
10.42999999999982	,235.66892000000126	
10.43999999999982	,234.94180000000128	
10.44999999999982	,234.2137000000013	
10.45999999999982	,233.4846200000013	
10.46999999999982	,232.7545600000013	
10.47999999999982	,232.0235200000013	
10.489999999999819	,231.2915000000013	
10.499999999999819	,230.5585000000013	
10.509999999999819	,229.82452000000129	
10.519999999999818	,229.08956000000128	
10.529999999999818	,228.35362000000129	
10.539999999999818	,227.6167000000013	
10.549999999999818	,226.8788000000013	
10.559999999999818	,226.1399200000013	
10.569999999999817	,225.4000600000013	
10.579999999999817	,224.6592200000013	
10.589999999999817	,223.91740000000132	
10.599999999999817	,223.17460000000133	
10.609999999999816	,222.43082000000135	
10.619999999999816	,221.68606000000136	
10.629999999999816	,220.94032000000138	
10.639999999999816	,220.1936000000014	
10.649999999999816	,219.44590000000142	
10.659999999999815	,218.6972200000014	
10.669999999999815	,217.9475600000014	
10.679999999999815	,217.1969200000014	
10.689999999999815	,216.4453000000014	
10.699999999999815	,215.6927000000014	
10.709999999999814	,214.9391200000014	
10.719999999999814	,214.1845600000014	
10.729999999999814	,213.4290200000014	
10.739999999999814	,212.6725000000014	
10.749999999999813	,211.9150000000014	
10.759999999999813	,211.15652000000142	
10.769999999999813	,210.39706000000143	
10.779999999999813	,209.63662000000144	
10.789999999999813	,208.87520000000146	
10.799999999999812	,208.11280000000147	
10.809999999999812	,207.3494200000015	
10.819999999999812	,206.5850600000015	
10.829999999999812	,205.81972000000152	
10.839999999999812	,205.05340000000152	
10.849999999999811	,204.2861000000015	
10.859999999999811	,203.5178200000015	
10.869999999999811	,202.7485600000015	
10.87999999999981	,201.9783200000015	
10.88999999999981	,201.2071000000015	
10.89999999999981	,200.4349000000015	
10.90999999999981	,199.6617200000015	
10.91999999999981	,198.8875600000015	
10.92999999999981	,198.11242000000152	
10.93999999999981	,197.33630000000153	
10.94999999999981	,196.55920000000154	
10.959999999999809	,195.78112000000155	
10.969999999999809	,195.00206000000156	
10.979999999999809	,194.22202000000158	
10.989999999999808	,193.4410000000016	
10.999999999999808	,192.6590000000016	
11.009999999999808	,191.87602000000163	
11.019999999999808	,191.09206000000162	
11.029999999999808	,190.30712000000162	
11.039999999999807	,189.5212000000016	
11.049999999999807	,188.7343000000016	
11.059999999999807	,187.9464200000016	
11.069999999999807	,187.1575600000016	
11.079999999999806	,186.3677200000016	
11.089999999999806	,185.57690000000161	
11.099999999999806	,184.78510000000162	
11.109999999999806	,183.99232000000163	
11.119999999999806	,183.19856000000163	
11.129999999999805	,182.40382000000164	
11.139999999999805	,181.60810000000166	
11.149999999999805	,180.81140000000167	
11.159999999999805	,180.01372000000168	
11.169999999999805	,179.2150600000017	
11.179999999999804	,178.41542000000172	
