0 38.24 
0.03 36.84 
0.07 34.12 
0.10 28.96 
0.13 22.08 
0.17 14.77 
0.20 6.59 
0.23 -1.44 
0.27 -9.71 
0.30 -16.96 
0.33 -23.63 
0.37 -28.98 
0.40 -33.50 
0.43 -36.88 
0.47 -38.38 
0.50 -38.03 
0.53 -35.82 
0.57 -32.04 
0.60 -26.83 
0.63 -20.77 
0.67 -13.83 
0.70 -6.13 
0.73 1.96 
0.77 10.10 
0.80 17.08 
0.83 23.27 
0.87 28.53 
0.90 32.07 
0.93 34.42 
0.97 34.54 
1.00 34.32 
1.03 33.12 
1.07 29.74 
1.10 25.10 
1.13 19.05 
1.17 12.22 
1.20 4.15 
1.23 -3.42 
1.27 -11.57 
1.30 -18.45 
1.33 -25.61 
1.37 -29.99 
1.40 -34.09 
1.43 -36.83 
1.47 -39.07 
1.50 -38.23 
1.53 -36.00 
1.57 -30.89 
1.60 -26.05 
1.63 -19.64 
1.67 -12.43 
1.70 -4.78 
1.73 2.93 
1.77 11.42 
1.80 17.48 
1.83 23.60 
1.87 28.67 
1.90 32.29 
1.93 37.79 
1.97 38.58 
2.00 37.99 
2.03 35.17 
2.07 31.00 
2.10 25.70 
2.13 18.83 
2.17 10.78 
2.20 3.15 
2.23 -4.58 
2.27 -12.22 
2.30 -18.99 
2.33 -24.65 
2.37 -30.95 
2.40 -33.76 
2.43 -36.04 
2.47 -35.85 
2.50 -36.03 
2.53 -33.74 
2.57 -29.75 
2.60 -24.44 
2.63 -18.12 
2.67 -11.15 
2.70 -3.39 
2.73 4.62 
2.77 12.01 
2.80 19.33 
2.83 25.66 
2.87 29.76 
2.90 33.69 
2.93 37.49 
2.97 38.04 
3.00 36.58 
3.03 34.21 
3.07 30.00 
3.10 24.15 
3.13 17.62 
3.17 9.91 
3.20 1.71 
3.23 -6.06 
3.27 -13.56 
3.30 -20.33 
3.33 -25.27 
3.37 -30.22 
3.40 -35.30 
3.43 -35.45 
3.47 -36.04 
3.50 -35.04 
3.53 -31.78 
3.57 -27.72 
3.60 -23.27 
3.63 -16.67 
3.67 -9.61 
3.70 -1.85 
3.73 5.35 
3.77 12.78 
3.80 19.06 
3.83 25.88 
3.87 28.85 
3.90 31.85 
3.93 35.45 
3.97 35.48 
4.00 34.02 
4.03 31.62 
4.07 27.10 
4.10 21.66 
4.13 14.92 
4.17 7.85 
4.20 0.35 
4.23 -7.58 
4.27 -14.50 
4.30 -21.19 
4.33 -27.02 
4.37 -31.83 
4.40 -35.18 
4.43 -37.44 
4.47 -37.82 
