0 48.47 
0.03  48.43 
0.07  48.16 
0.10  47.29 
0.13  44.27 
0.17  38.79 
0.20  33.60 
0.23  25.07 
0.27  15.04 
0.30  5.34 
0.33 -4.88 
0.37 -14.98 
0.40 -24.39 
0.43 -33.10 
0.47 -40.05 
0.50 -45.29 
0.53 -47.18 
0.60 -47.66 
0.63 -44.21 
0.67 -41.00 
0.70 -33.65 
0.73 -25.43 
0.77 -15.59 
0.80 -6.78 
0.83  3.44 
0.87  13.71 
0.90  22.45 
0.93  30.61 
0.97  38.41 
1.00  43.49 
1.03  46.54 
1.07  47.82 
1.10  47.81 
1.13  45.78 
1.17  41.60 
1.20  35.45 
1.23  27.20 
1.27  17.91 
1.30  7.84 
1.33 -2.16 
1.37 -11.61 
1.40 -20.76 
1.43 -28.97 
1.47 -35.88 
1.50 -41.91 
1.53 -45.93 
1.57 -47.99 
1.60 -48.00 
1.63 -46.17 
1.67 -41.48 
1.70 -35.28 
1.73 -27.96 
1.77 -19.74 
1.80 -10.44 
1.83 -0.46 
1.87  9.57 
1.90  19.13 
1.93  27.79 
1.97  35.50 
2.00  40.13 
2.03  43.92 
2.07  46.24 
2.10  46.66 
2.13  45.53 
2.17  41.60 
2.20  36.36 
2.23  29.05 
2.27  21.16 
2.30  11.19 
2.33  1.43 
2.37 -8.68 
2.40 -17.96 
2.43 -26.42 
2.47 -33.06 
2.50 -39.05 
2.53 -43.64 
2.57 -46.37 
2.60 -48.23 
2.67 -43.57 
2.70 -43.28 
2.73 -31.58 
2.77 -23.01 
2.80 -13.22 
2.83 -4.09 
2.87  5.50 
2.90  15.05 
2.93  24.26 
2.97  31.52 
3.00  37.40 
3.03  41.10 
3.07  44.81 
3.13  44.35 
3.17  40.93 
3.20  35.63 
3.23  29.72 
3.27  22.29 
3.30  13.79 
3.33  4.46 
3.37 -5.29 
3.40 -15.26 
3.43 -24.12 
3.47 -31.98 
3.50 -38.81 
3.53 -43.50 
3.57 -46.51 
3.60 -49.02 
3.63 -47.70 
3.67 -44.10 
3.70 -39.48 
3.73 -32.98 
3.77 -25.50 
3.80 -16.51 
3.83 -6.60 
3.87  2.68 
3.90  12.44 
3.93  20.97 
3.97  28.87 
4.00  35.23 
4.03  40.35 
4.07  41.98 
4.10  41.98 
4.13  43.49 
4.17  41.11 
4.20  36.78 
4.23  30.71 
4.27  23.23 
4.30  15.04 
4.33  6.02 
4.37 -3.47 
4.40 -13.09 
4.43 -22.16 
4.47 -30.41 
4.50 -37.29 
4.53 -42.50 
4.57 -45.85 
4.60 -47.69 
4.63 -47.36 
4.67 -44.85 
4.70 -41.00 
