0.03 89.39
0.07 89.20
0.10 87.85
0.13 83.41
0.17 75.96
0.20 65.63
0.23 55.42
0.27 39.68
0.30 23.15
0.33 4.67
0.37 -12.41
0.40 -29.18
0.43 -44.70
0.47 -58.47
0.50 -68.77
0.53 -77.42
0.57 -83.93
0.60 -86.67
0.63 -87.67
0.67 -86.38
0.70 -82.12
0.73 -74.98
0.77 -65.71
0.80 -53.55
0.83 -38.44
0.87 -22.00
0.90 -4.75
0.93 11.87
0.97 28.67
1.00 44.65
1.03 56.11
1.07 66.83
1.10 76.58
1.13 81.81
1.17 82.42
1.20 85.92
1.23 84.22
1.27 80.18
1.30 72.45
1.33 64.51
1.37 52.07
1.40 37.83
1.43 22.10
1.47 5.06
1.50 -11.59
1.53 -27.11
1.57 -40.82
1.60 -53.35
1.63 -65.36
1.67 -73.15
1.70 -78.87
1.73 -82.24
1.77 -82.93
1.80 -81.18
1.83 -76.16
1.87 -68.98
1.90 -59.02
1.93 -46.63
1.97 -32.09
2.00 -16.45
2.03 -1.36
2.07 15.89
2.10 33.13
2.13 47.95
2.17 58.59
2.20 68.89
2.23 76.18
2.27 78.25
2.30 83.19
2.33 83.26
2.37 80.65
2.40 75.59
2.43 67.84
2.47 57.05
2.50 43.82
2.53 28.78
2.57 13.02
2.60 -3.05
2.63 -19.47
2.67 -34.54
2.70 -48.72
2.73 -59.84
2.77 -68.57
2.80 -74.36
2.83 -78.60
2.87 -80.17
2.90 -79.37
2.93 -76.02
2.97 -70.17
3.00 -62.15
3.03 -49.88
3.07 -36.00
3.10 -21.11
3.13 -5.21
3.17 11.21
3.20 27.84
3.23 42.52
3.27 52.85
3.30 63.40
3.33 72.19
3.37 78.14
3.40 81.22
3.43 79.44
3.47 80.03
3.50 75.75
3.53 65.77
3.57 57.03
3.60 45.43
3.63 31.09
3.67 15.53
3.70 0.05
3.73 -16.35
3.77 -30.96
3.80 -45.39
3.83 -56.31
3.87 -65.76
3.90 -72.75
3.93 -76.70
3.97 -78.22
4.00 -78.04
4.03 -74.87
4.07 -69.43
4.10 -60.56
4.13 -49.27
4.17 -36.10
4.20 -21.65
4.23 -6.16
4.27 9.82
4.30 25.89
4.33 40.44
4.37 51.75
4.40 62.41
4.43 66.06
4.47 71.82
4.50 75.00
4.53 76.00
4.57 74.14
4.60 69.55
4.63 65.82
4.67 56.01
4.70 43.43
4.73 29.38
4.77 14.35
4.80 -0.26
4.83 -16.39
4.87 -30.38
4.90 -44.32
4.93 -55.39
4.97 -63.31
5.00 -69.54
5.03 -73.91
5.07 -76.06
5.10 -74.96
5.13 -71.46
5.17 -65.73
5.20 -56.32
5.23 -46.99
5.27 -32.69
5.30 -18.40
5.33 -3.28
5.37 11.83
5.40 25.73
5.43 38.20
5.47 48.89
5.50 61.56
5.53 68.69
5.57 74.13
5.60 75.35
5.63 75.48
5.67 74.56
5.70 68.65
5.73 61.13
5.77 50.72
5.80 38.79
5.83 25.07
5.87 9.96
5.90 -5.44
5.93 -20.12
5.97 -33.90
6.00 -49.14
6.03 -57.03
6.07 -65.35
6.10 -71.11
6.13 -74.32
6.17 -74.99
6.20 -73.28
6.23 -69.15
6.27 -61.97
6.30 -53.50
6.33 -41.42
6.37 -27.94
6.40 -13.27
6.43 1.15
6.47 16.56
6.50 30.16
6.53 41.79
6.57 51.81
6.60 62.93
6.63 69.19
6.67 72.91
6.70 72.08
6.73 73.12
6.77 69.71
6.80 64.58
6.83 56.20
6.87 44.55
6.90 31.55
6.93 17.20
6.97 2.24
7.00 -12.01
7.03 -25.98
7.07 -38.57
7.10 -54.21
7.13 -63.46
7.17 -67.42
7.20 -71.46
7.23 -73.22
7.27 -73.16
7.30 -70.30
7.33 -64.83
7.37 -56.70
7.40 -45.78
7.43 -33.23
7.47 -19.00
7.50 -4.48
7.53 10.52
7.57 24.28
7.60 38.19
7.63 49.53
7.67 58.23
7.70 65.04
7.73 69.57
7.77 72.29
7.80 68.95
7.83 69.85
7.87 65.00
7.90 57.26
7.93 47.57
7.97 35.47
8.00 22.50
8.03 8.02
8.07 -6.56
8.10 -20.78
8.13 -33.67
8.17 -44.18
8.20 -56.08
8.23 -63.96
8.27 -69.66
8.30 -72.53
8.33 -72.82
8.37 -70.88
8.40 -66.36
8.43 -58.88
8.47 -48.73
8.50 -36.82
8.53 -23.50
8.57 -8.89
8.60 5.62
8.63 19.47
8.67 31.73
8.70 42.72
8.73 51.60
8.77 58.90
8.80 64.12
8.83 66.82
8.87 67.10
8.90 65.67
8.93 61.37
8.97 54.94
9.00 46.35
9.03 35.73
9.07 23.57
9.10 9.98
9.13 -4.19
9.17 -18.24
9.20 -31.81
9.23 -43.88
9.27 -53.81
9.30 -62.29
9.33 -67.86
9.37 -71.13
9.40 -72.17
9.43 -70.33
9.47 -66.19
9.50 -59.23
9.53 -49.37
9.57 -37.51
9.60 -24.52
9.63 -10.13
9.67 4.10
9.70 17.34
9.73 30.54
9.77 42.48
9.80 52.15
9.83 56.70
9.87 61.71
9.90 66.54
9.93 66.96
9.97 64.92
10.00 60.71
10.03 54.59
10.07 46.02
10.10 35.69
10.13 23.34
10.17 10.24
10.20 -3.82
10.23 -17.33
10.27 -30.56
10.30 -40.95
10.33 -51.03
10.37 -61.00
10.40 -66.95
10.43 -70.37
10.47 -71.23
10.50 -69.59
10.53 -65.25
10.57 -57.92
10.60 -48.11
10.63 -36.37
10.67 -23.26
10.70 -9.13
10.73 4.72
10.77 18.00
10.80 29.33
10.83 39.39
10.87 47.74
10.90 54.40
10.93 59.35
10.97 62.13
11.00 62.83
11.03 60.89
11.07 56.82
11.10 50.61
11.13 42.36
11.17 32.37
11.20 20.93
11.23 8.10
11.27 -5.29
11.30 -18.81
11.33 -32.09
11.37 -43.97
11.40 -54.40
11.43 -62.23
11.47 -67.30
11.50 -70.18
11.53 -70.57
11.57 -68.62
11.60 -64.06
11.63 -57.01
11.67 -45.95
11.70 -33.73
11.73 -20.34
11.77 -6.51
11.80 6.94
11.83 19.33
11.87 30.45
11.90 39.80
11.93 47.66
11.97 53.55
12.00 57.84
12.03 60.07
12.07 60.10
12.10 57.89
12.13 53.42
12.17 47.10
12.20 38.84
