0 117.22
0.03 117.21
0.07 116.27
0.10 114.21
0.13 107.97
0.17 100.24
0.20 85.84
0.23 70.14
0.27 53.84
0.30 34.73
0.33 14.37
0.37 -4.73
0.40 -24.00
0.43 -40.25
0.47 -55.23
0.50 -70.15
0.53 -77.16
0.57 -84.50
0.60 -90.54
0.63 -93.93
0.67 -94.96
0.70 -94.27
0.73 -89.25
0.77 -81.22
0.80 -71.83
0.83 -58.57
0.87 -45.88
0.90 -29.77
0.93 -12.10
0.97 4.76
1.00 21.37
1.03 41.20
1.07 55.44
1.10 66.87
1.13 77.87
1.17 84.48
1.20 89.78
1.23 91.33
1.27 88.42
1.30 86.54
1.33 81.22
1.37 72.70
1.40 60.47
1.43 48.27
1.47 32.24
1.50 14.95
1.53 -2.14
1.57 -20.05
1.60 -35.52
1.63 -49.49
1.67 -61.86
1.70 -72.34
1.73 -78.25
1.77 -83.13
1.80 -85.83
1.83 -86.07
1.87 -85.09
1.90 -78.31
1.93 -71.25
1.97 -60.46
2.00 -48.33
2.03 -34.96
2.07 -18.81
2.10 -1.71
2.13 15.55
2.17 32.18
2.20 46.62
2.23 58.89
2.27 70.12
2.30 78.16
2.33 83.86
2.37 86.71
2.40 86.81
2.43 84.80
2.47 79.45
2.50 71.81
2.53 59.31
2.57 46.61
2.60 31.97
2.63 15.37
2.67 -1.61
2.70 -17.82
2.73 -32.82
2.77 -47.54
2.80 -59.01
2.83 -69.00
2.87 -76.02
2.90 -80.94
2.93 -82.83
2.97 -82.83
3.00 -81.37
3.03 -76.13
3.07 -72.59
3.10 -59.92
3.13 -45.60
3.17 -29.42
3.20 -13.35
3.23 2.95
3.27 19.91
3.30 35.59
3.33 48.33
3.37 56.66
3.40 67.93
3.43 76.50
3.47 80.83
3.50 81.97
3.53 81.66
3.57 78.61
3.60 73.20
3.63 63.06
3.67 52.23
3.70 39.03
3.73 24.10
3.77 8.38
3.80 -7.71
3.83 -22.96
3.87 -36.65
3.90 -48.09
3.93 -62.57
3.97 -71.42
4.00 -76.82
4.03 -80.89
4.07 -82.32
4.10 -80.97
4.13 -77.09
4.17 -70.56
4.20 -61.24
4.23 -49.08
4.27 -34.74
4.30 -19.92
4.33 -4.51
4.37 11.96
4.40 27.30
4.43 42.05
4.47 52.64
4.50 62.11
4.53 69.77
4.57 74.99
4.60 77.75
4.63 78.00
4.67 75.41
4.70 71.00
4.73 63.31
4.77 53.66
4.80 41.03
4.83 26.96
4.87 11.79
4.90 -2.55
4.93 -19.14
4.97 -33.27
5.00 -45.49
5.03 -58.18
5.07 -67.05
5.10 -73.23
5.13 -77.81
5.17 -78.75
5.20 -78.20
5.23 -74.68
5.27 -69.23
5.30 -60.51
5.33 -48.98
5.37 -35.51
5.40 -21.03
5.43 -5.47
5.47 9.87
5.50 24.80
5.53 38.46
5.57 49.93
5.60 59.80
5.63 68.25
5.67 73.48
5.70 76.13
5.73 76.51
5.77 74.53
5.80 69.10
5.83 61.05
5.87 50.96
5.90 38.51
5.93 25.17
5.97 10.39
6.00 -4.17
6.03 -19.33
6.07 -33.46
6.10 -47.56
6.13 -58.24
6.17 -67.00
6.20 -72.59
6.23 -76.27
6.27 -77.53
6.30 -76.48
6.33 -73.00
6.37 -66.98
6.40 -58.20
6.43 -46.29
6.47 -32.62
6.50 -18.01
6.53 -3.76
6.57 11.38
6.60 23.94
6.63 38.20
6.67 47.60
6.70 57.95
6.73 64.53
6.77 69.04
6.80 70.91
6.83 70.55
6.87 67.38
6.90 61.61
6.93 53.72
6.97 45.13
7.00 33.32
7.03 20.14
7.07 5.70
7.10 -8.80
7.13 -22.78
7.17 -36.09
7.20 -49.64
7.23 -59.80
7.27 -67.38
7.30 -72.17
7.33 -75.03
7.37 -75.45
7.40 -73.60
7.43 -68.93
7.47 -62.01
7.50 -52.09
7.53 -39.41
7.57 -25.82
7.60 -11.43
7.63 3.22
7.67 17.28
7.70 30.55
7.73 42.55
7.77 50.01
7.80 57.57
7.83 62.86
7.87 66.74
7.90 67.77
7.93 66.10
7.97 61.68
8.00 58.37
8.03 49.15
8.07 38.23
8.10 25.45
8.13 11.89
8.17 -2.04
8.20 -16.27
8.23 -29.75
8.27 -42.39
8.30 -54.59
8.33 -62.79
8.37 -68.75
8.40 -72.79
8.43 -74.28
8.47 -73.35
8.50 -69.95
8.53 -63.70
8.57 -54.91
8.60 -43.44
