0 24
0.01 23.9481
0.02 23.7927
0.03 23.5344
0.04 23.1742
0.05 22.7138
0.06 22.1549
0.07 21.4999
0.08 20.7516
0.09 19.913
0.1 18.9877
0.11 17.9796
0.12 16.8929
0.13 15.7323
0.14 14.5028
0.15 13.2096
0.16 11.8584
0.17 10.455
0.18 9.00564
0.19 7.51661
0.2 5.99449
0.21 4.44604
0.22 2.87812
0.23 1.29769
0.24 -0.288201
0.25 -1.8725
0.26 -3.44815
0.27 -5.00816
0.28 -6.54558
0.29 -8.05363
0.3 -9.52565
0.31 -10.9552
0.32 -12.3359
0.33 -13.6619
0.34 -14.9274
0.35 -16.1269
0.36 -17.2553
0.37 -18.3078
0.38 -19.28
0.39 -20.1677
0.4 -20.9674
0.41 -21.6756
0.42 -22.2894
0.43 -22.8063
0.44 -23.2243
0.45 -23.5416
0.46 -23.7569
0.47 -23.8694
0.48 -23.8786
0.49 -23.7846
0.5 -23.5877
0.51 -23.2888
0.52 -22.889
0.53 -22.3901
0.54 -21.7942
0.55 -21.1036
0.56 -20.3213
0.57 -19.4506
0.58 -18.4951
0.59 -17.4588
0.6 -16.3462
0.61 -15.1621
0.62 -13.9114
0.63 -12.5997
0.64 -11.2326
0.65 -9.81602
0.66 -8.35626
0.67 -6.85971
0.68 -5.33299
0.69 -3.78286
0.7 -2.2162
0.71 -0.63999
0.72 0.938764
0.73 2.51303
0.74 4.0758
0.75 5.62014
0.76 7.13919
0.77 8.62624
0.78 10.0747
0.79 11.4783
0.8 12.8309
0.81 14.1265
0.82 15.3596
0.83 16.5249
0.84 17.6175
0.85 18.6326
0.86 19.566
0.87 20.4137
0.88 21.1724
0.89 21.8387
0.9 22.41
0.91 22.884
0.92 23.2586
0.93 23.5324
0.94 23.7044
0.95 23.7737
0.96 23.7401
0.97 23.6039
0.98 23.3656
0.99 23.0261
1 22.5869
1.01 22.0498
1.02 21.417
1.03 20.6912
1.04 19.8754
1.05 18.973
1.06 17.9879
1.07 16.9242
1.08 15.7864
1.09 14.5794
1.1 13.3085
1.11 11.9791
1.12 10.597
1.13 9.16828
1.14 7.69918
1.15 6.1962
1.16 4.66597
1.17 3.1153
1.18 1.55107
1.19 -0.0197643
1.2 -1.5902
1.21 -3.15325
1.22 -4.70196
1.23 -6.22946
1.24 -7.72897
1.25 -9.19389
1.26 -10.6178
1.27 -11.9944
1.28 -13.3177
1.29 -14.5819
1.3 -15.7818
1.31 -16.912
1.32 -17.9677
1.33 -18.9446
1.34 -19.8384
1.35 -20.6455
1.36 -21.3625
1.37 -21.9865
1.38 -22.5148
1.39 -22.9453
1.4 -23.2762
1.41 -23.5063
1.42 -23.6346
1.43 -23.6606
1.44 -23.5842
1.45 -23.4057
1.46 -23.126
1.47 -22.746
1.48 -22.2676
1.49 -21.6925
1.5 -21.0233
1.51 -20.2627
1.52 -19.4139
1.53 -18.4804
1.54 -17.4663
1.55 -16.3758
1.56 -15.2136
1.57 -13.9847
1.58 -12.6943
1.59 -11.3482
1.6 -9.95212
1.61 -8.51224
1.62 -7.03489
1.63 -5.52658
1.64 -3.994
1.65 -2.44395
1.66 -0.883324
1.67 0.680925
1.68 2.24184
1.69 3.79246
1.7 5.32592
1.71 6.83539
1.72 8.31421
1.73 9.75585
1.74 11.154
1.75 12.5025
1.76 13.7955
1.77 15.0274
1.78 16.193
1.79 17.2872
1.8 18.3053
1.81 19.2432
1.82 20.0968
1.83 20.8625
1.84 21.5373
1.85 22.1182
1.86 22.603
1.87 22.9897
1.88 23.2766
1.89 23.4627
1.9 23.5472
1.91 23.5297
1.92 23.4104
1.93 23.1897
1.94 22.8686
1.95 22.4485
1.96 21.931
1.97 21.3183
1.98 20.613
1.99 19.8181
2 18.9368
2.01 17.9728
2.02 16.9304
2.03 15.8139
2.04 14.628
2.05 13.378
2.06 12.0692
2.07 10.7073
2.08 9.29834
2.09 7.84839
2.1 6.36389
2.11 4.8514
2.12 3.31764
2.13 1.76942
2.14 0.21362
2.15 -1.34282
2.16 -2.89298
2.17 -4.42996
2.18 -5.94694
2.19 -7.43719
2.2 -8.89413
2.21 -10.3113
2.22 -11.6826
2.23 -13.002
2.24 -14.2637
2.25 -15.4623
2.26 -16.5926
2.27 -17.6499
2.28 -18.6296
2.29 -19.5277
2.3 -20.3403
2.31 -21.064
2.32 -21.696
2.33 -22.2335
2.34 -22.6743
2.35 -23.0168
2.36 -23.2594
2.37 -23.4012
2.38 -23.4417
2.39 -23.3806
2.4 -23.2184
2.41 -22.9556
2.42 -22.5934
2.43 -22.1332
2.44 -21.577
2.45 -20.9271
2.46 -20.1861
2.47 -19.3573
2.48 -18.4442
2.49 -17.4504
2.5 -16.3804
2.51 -15.2386
2.52 -14.0301
2.53 -12.7599
2.54 -11.4336
2.55 -10.057
2.56 -8.6361
2.57 -7.1772
2.58 -5.68671
2.59 -4.17124
2.6 -2.63752
2.61 -1.09235
2.62 0.457377
2.63 2.00476
2.64 3.54292
2.65 5.06502
2.66 6.56429
2.67 8.03412
2.68 9.46799
2.69 10.8596
2.7 12.2029
2.71 13.4921
2.72 14.7214
2.73 15.8857
2.74 16.9799
2.75 17.9994
2.76 18.9399
2.77 19.7974
2.78 20.5683
2.79 21.2495
2.8 21.838
2.81 22.3316
2.82 22.7281
2.83 23.026
2.84 23.224
2.85 23.3214
2.86 23.3177
2.87 23.2131
2.88 23.008
2.89 22.7032
2.9 22.2999
2.91 21.8
2.92 21.2054
2.93 20.5187
2.94 19.7426
2.95 18.8806
2.96 17.9361
2.97 16.9133
2.98 15.8165
2.99 14.6504
3 13.4199
3.01 12.1305
3.02 10.7878
3.03 9.39753
3.04 7.96591
3.05 6.49922
3.06 5.00394
3.07 3.48671
3.08 1.95426
3.09 0.413411
3.1 -1.12898
3.11 -2.66604
3.12 -4.19093
3.13 -5.69688
3.14 -7.17722
3.15 -8.62539
3.16 -10.035
3.17 -11.3999
3.18 -12.7141
3.19 -13.972
3.2 -15.1679
3.21 -16.2969
3.22 -17.3541
3.23 -18.335
3.24 -19.2355
3.25 -20.0517
3.26 -20.7803
3.27 -21.4182
3.28 -21.9629
3.29 -22.412
3.3 -22.7638
3.31 -23.0168
3.32 -23.17
3.33 -23.2228
3.34 -23.175
3.35 -23.0268
3.36 -22.7789
3.37 -22.4322
3.38 -21.9882
3.39 -21.4488
3.4 -20.8163
3.41 -20.0932
3.42 -19.2825
3.43 -18.3879
3.44 -17.4129
3.45 -16.3617
3.46 -15.2389
3.47 -14.0493
3.48 -12.798
3.49 -11.4904
3.5 -10.1322
3.51 -8.72948
3.52 -7.28828
3.53 -5.815
3.54 -4.31617
3.55 -2.79843
3.56 -1.26853
3.57 0.266708
3.58 1.80046
3.59 3.3259
3.6 4.83625
3.61 6.32478
3.62 7.78493
3.63 9.21024
3.64 10.5944
3.65 11.9315
3.66 13.2155
3.67 14.4409
3.68 15.6025
3.69 16.6953
3.7 17.7145
3.71 18.656
3.72 19.5156
3.73 20.2899
3.74 20.9755
3.75 21.5697
3.76 22.07
3.77 22.4743
3.78 22.781
3.79 22.9889
3.8 23.0971
3.81 23.1052
3.82 23.0132
3.83 22.8215
3.84 22.5308
3.85 22.1425
3.86 21.6581
3.87 21.0796
3.88 20.4095
3.89 19.6505
3.9 18.8059
3.91 17.8793
3.92 16.8745
3.93 15.7958
3.94 14.648
3.95 13.4358
3.96 12.1646
3.97 10.8399
3.98 9.46746
3.99 8.05335
4 6.60377
4.01 5.12515
4.02 3.62402
4.03 2.10707
4.04 0.581031
4.05 -0.947293
4.06 -2.4711
4.07 -3.98361
4.08 -5.4781
4.09 -6.94795
4.1 -8.38665
4.11 -9.78787
4.12 -11.1454
4.13 -12.4534
4.14 -13.7062
4.15 -14.8982
4.16 -16.0244
4.17 -17.08
4.18 -18.0604
4.19 -18.9616
4.2 -19.7797
4.21 -20.5113
4.22 -21.1534
4.23 -21.7033
4.24 -22.1587
4.25 -22.5178
4.26 -22.7792
4.27 -22.9417
4.28 -23.0048
4.29 -22.9681
4.3 -22.8319
4.31 -22.5968
4.32 -22.2636
4.33 -21.8339
4.34 -21.3093
4.35 -20.6922
4.36 -19.9851
4.37 -19.1908
4.38 -18.3129
4.39 -17.355
4.4 -16.3212
4.41 -15.2159
4.42 -14.0439
4.43 -12.8102
4.44 -11.5202
4.45 -10.1795
4.46 -8.79394
4.47 -7.36968
4.48 -5.91297
4.49 -4.43027
4.5 -2.92816
4.51 -1.41331
4.52 0.107537
4.53 1.62761
4.54 3.14013
4.55 4.63839
4.56 6.11572
4.57 7.56559
4.58 8.98159
4.59 10.3575
4.6 11.6872
4.61 12.9651
4.62 14.1854
4.63 15.343
4.64 16.4329
4.65 17.4503
4.66 18.3911
4.67 19.2512
4.68 20.0271
4.69 20.7154
4.7 21.3133
4.71 21.8184
4.72 22.2286
4.73 22.5422
4.74 22.7579
4.75 22.8749
4.76 22.8927
4.77 22.8113
4.78 22.631
4.79 22.3525
4.8 21.9771
4.81 21.5063
4.82 20.942
4.83 20.2867
4.84 19.543
4.85 18.7142
4.86 17.8037
4.87 16.8153
4.88 15.7533
4.89 14.6223
4.9 13.4271
4.91 12.173
4.92 10.8652
4.93 9.50966
4.94 8.11222
4.95 6.67905
4.96 5.2165
4.97 3.73104
4.98 2.22927
4.99 0.717868
5 -0.796431
5.01 -2.30689
5.02 -3.80678
5.03 -5.28944
5.04 -6.7483
5.05 -8.17689
5.06 -9.56892
5.07 -10.9183
5.08 -12.219
5.09 -13.4656
5.1 -14.6525
5.11 -15.7746
5.12 -16.8271
5.13 -17.8056
5.14 -18.7059
5.15 -19.5242
5.16 -20.2571
5.17 -20.9015
5.18 -21.4548
5.19 -21.9146
5.2 -22.2792
5.21 -22.5469
5.22 -22.7168
5.23 -22.7881
5.24 -22.7606
5.25 -22.6344
5.26 -22.4101
5.27 -22.0885
5.28 -21.6711
5.29 -21.1595
5.3 -20.556
5.31 -19.863
5.32 -19.0835
5.33 -18.2207
5.34 -17.2783
5.35 -16.2603
5.36 -15.1711
5.37 -14.0154
5.38 -12.798
5.39 -11.5245
5.4 -10.2002
5.41 -8.83097
5.42 -7.42286
5.43 -5.98208
5.44 -4.515
5.45 -3.02812
5.46 -1.52805
5.47 -0.0214835
5.48 1.48489
5.49 2.98435
5.5 4.47025
5.51 5.93596
5.52 7.37502
5.53 8.78104
5.54 10.1478
5.55 11.4694
5.56 12.74
5.57 13.9541
5.58 15.1065
5.59 16.1921
5.6 17.2064
5.61 18.1451
5.62 19.0041
5.63 19.7798
5.64 20.4691
5.65 21.069
5.66 21.5771
5.67 21.9913
5.68 22.3099
5.69 22.5315
5.7 22.6554
5.71 22.6809
5.72 22.6081
5.73 22.4373
5.74 22.1691
5.75 21.8047
5.76 21.3456
5.77 20.7937
5.78 20.1514
5.79 19.4213
5.8 18.6065
5.81 17.7105
5.82 16.7371
5.83 15.6903
5.84 14.5748
5.85 13.3954
5.86 12.157
5.87 10.8652
5.88 9.52556
5.89 8.14395
5.9 6.72648
5.91 5.27941
5.92 3.80915
5.93 2.32223
5.94 0.825265
5.95 -0.67508
5.96 -2.17213
5.97 -3.65921
5.98 -5.12972
5.99 -6.57714
6 -7.99505
6.01 -9.37721
6.02 -10.7175
6.03 -12.0101
6.04 -13.2494
6.05 -14.43
6.06 -15.5468
6.07 -16.595
6.08 -17.5701
6.09 -18.468
6.1 -19.2849
6.11 -20.0174
6.12 -20.6625
6.13 -21.2174
6.14 -21.6798
6.15 -22.048
6.16 -22.3203
6.17 -22.4956
6.18 -22.5733
6.19 -22.5531
6.2 -22.435
6.21 -22.2196
6.22 -21.9077
6.23 -21.5008
6.24 -21.0004
6.25 -20.4087
6.26 -19.7281
6.27 -18.9615
6.28 -18.1122
6.29 -17.1838
6.3 -16.1802
6.31 -15.1057
6.32 -13.9649
6.33 -12.7628
6.34 -11.5046
6.35 -10.1957
6.36 -8.84194
6.37 -7.44922
6.38 -6.02371
6.39 -4.57171
6.4 -3.09966
6.41 -1.61411
6.42 -0.121661
6.43 1.37104
6.44 2.85734
6.45 4.33063
6.46 5.78438
6.47 7.21213
6.48 8.60757
6.49 9.96456
6.5 11.2771
6.51 12.5396
6.52 13.7464
6.53 14.8923
6.54 15.9725
6.55 16.9823
6.56 17.9173
6.57 18.7737
6.58 19.5478
6.59 20.2364
6.6 20.8367
6.61 21.346
6.62 21.7624
6.63 22.0842
6.64 22.3099
6.65 22.4388
6.66 22.4703
6.67 22.4042
6.68 22.241
6.69 21.9812
6.7 21.626
6.71 21.1768
6.72 20.6355
6.73 20.0045
6.74 19.2863
6.75 18.484
6.76 17.6009
6.77 16.6409
6.78 15.608
6.79 14.5067
6.8 13.3417
6.81 12.1181
6.82 10.8412
6.83 9.51649
6.84 8.1499
6.85 6.74741
6.86 5.31523
6.87 3.8597
6.88 2.38728
6.89 0.904525
6.9 -0.581967
6.91 -2.06558
6.92 -3.5397
6.93 -4.99779
6.94 -6.43337
6.95 -7.84008
6.96 -9.21172
6.97 -10.5423
6.98 -11.8259
6.99 -13.0569
7 -14.2301
7.01 -15.3404
7.02 -16.3829
7.03 -17.3533
7.04 -18.2475
7.05 -19.0615
7.06 -19.7921
7.07 -20.4362
7.08 -20.991
7.09 -21.4544
7.1 -21.8244
7.11 -22.0994
7.12 -22.2784
7.13 -22.3607
7.14 -22.3459
7.15 -22.2341
7.16 -22.0258
7.17 -21.7219
7.18 -21.3236
7.19 -20.8326
7.2 -20.251
7.21 -19.5812
7.22 -18.826
7.23 -17.9887
7.24 -17.0727
7.25 -16.082
7.26 -15.0209
7.27 -13.8938
7.28 -12.7057
7.29 -11.4618
7.3 -10.1674
7.31 -8.82816
7.32 -7.45008
7.33 -6.03919
7.34 -4.60174
7.35 -3.1441
7.36 -1.67276
7.37 -0.194265
7.38 1.28481
7.39 2.75787
7.4 4.21837
7.41 5.65982
7.42 7.07584
7.43 8.46015
7.44 9.80665
7.45 11.1095
7.46 12.3628
7.47 13.5614
7.48 14.6998
7.49 15.7734
7.5 16.7773
7.51 17.7074
7.52 18.5598
7.53 19.3308
7.54 20.0172
7.55 20.6161
7.56 21.1251
7.57 21.542
7.58 21.8652
7.59 22.0933
7.6 22.2254
7.61 22.261
7.62 22.2
7.63 22.0425
7.64 21.7894
7.65 21.4416
7.66 21.0006
7.67 20.4683
7.68 19.8469
7.69 19.1389
7.7 18.3475
7.71 17.4759
7.72 16.5279
7.73 15.5075
7.74 14.4191
7.75 13.2674
7.76 12.0574
7.77 10.7943
7.78 9.48371
7.79 8.13133
7.8 6.74313
7.81 5.32525
7.82 3.88397
7.83 2.42569
7.84 0.956905
7.85 -0.515853
7.86 -1.98603
7.87 -3.44707
7.88 -4.89249
7.89 -6.31587
7.9 -7.71091
7.91 -9.07145
7.92 -10.3915
7.93 -11.6653
7.94 -12.8872
7.95 -14.0521
7.96 -15.1547
7.97 -16.1905
7.98 -17.1549
7.99 -18.0438
8 -18.8536
8.01 -19.5808
8.02 -20.2224
8.03 -20.7756
8.04 -21.2382
8.05 -21.6084
8.06 -21.8845
8.07 -22.0655
8.08 -22.1506
8.09 -22.1394
8.1 -22.0322
8.11 -21.8293
8.12 -21.5315
8.13 -21.1402
8.14 -20.657
8.15 -20.0838
8.16 -19.4232
8.17 -18.6778
8.18 -17.8509
8.19 -16.946
8.2 -15.9669
8.21 -14.9178
8.22 -13.8032
8.23 -12.628
8.24 -11.3972
8.25 -10.1163
8.26 -8.79086
8.27 -7.42666
8.28 -6.02975
8.29 -4.60632
8.3 -3.16268
8.31 -1.70526
8.32 -0.240524
8.33 1.22499
8.34 2.68477
8.35 4.13231
8.36 5.56119
8.37 6.96506
8.38 8.33773
8.39 9.67313
8.4 10.9654
8.41 12.2089
8.42 13.3982
8.43 14.5282
8.44 15.594
8.45 16.5909
8.46 17.5149
8.47 18.3618
8.48 19.1283
8.49 19.811
8.5 20.4071
8.51 20.9141
8.52 21.33
8.53 21.653
8.54 21.8818
8.55 22.0155
8.56 22.0535
8.57 21.9957
8.58 21.8424
8.59 21.5942
8.6 21.2521
8.61 20.8177
8.62 20.2926
8.63 19.6792
8.64 18.9801
8.65 18.198
8.66 17.3365
8.67 16.3991
8.68 15.3899
8.69 14.3131
8.7 13.1735
8.71 11.976
8.72 10.7258
8.73 9.4284
8.74 8.08944
8.75 6.71483
8.76 5.31067
8.77 3.88318
8.78 2.43868
8.79 0.98362
8.8 -0.475538
8.81 -1.93229
8.82 -3.38016
8.83 -4.8127
8.84 -6.22356
8.85 -7.60649
8.86 -8.95539
8.87 -10.2643
8.88 -11.5275
8.89 -12.7395
8.9 -13.895
8.91 -14.989
8.92 -16.0168
8.93 -16.974
8.94 -17.8566
8.95 -18.6607
8.96 -19.3831
8.97 -20.0207
8.98 -20.5708
8.99 -21.0311
9 -21.3999
9.01 -21.6754
9.02 -21.8567
9.03 -21.943
9.04 -21.9339
9.05 -21.8295
9.06 -21.6303
9.07 -21.3371
9.08 -20.9511
9.09 -20.474
9.1 -19.9077
9.11 -19.2547
9.12 -18.5177
9.13 -17.6998
9.14 -16.8045
9.15 -15.8356
9.16 -14.7973
9.17 -13.6941
9.18 -12.5306
9.19 -11.3121
9.2 -10.0438
9.21 -8.73118
9.22 -7.38013
9.23 -5.99658
9.24 -4.58665
9.25 -3.1566
9.26 -1.71279
9.27 -0.261625
9.28 1.19042
9.29 2.63687
9.3 4.07131
9.31 5.48735
9.32 6.87873
9.33 8.23928
9.34 9.563
9.35 10.8441
9.36 12.0769
9.37 13.2562
9.38 14.3767
9.39 15.4336
9.4 16.4224
9.41 17.339
9.42 18.1793
9.43 18.9399
9.44 19.6175
9.45 20.2093
9.46 20.7129
9.47 21.1261
9.48 21.4474
9.49 21.6753
9.5 21.8089
9.51 21.8477
9.52 21.7916
9.53 21.6407
9.54 21.3958
9.55 21.0579
9.56 20.6284
9.57 20.1092
9.58 19.5023
9.59 18.8103
9.6 18.0362
9.61 17.1833
9.62 16.2552
9.63 15.2559
9.64 14.1896
9.65 13.0611
9.66 11.8751
9.67 10.6368
9.68 9.35166
9.69 8.02534
9.7 6.66367
9.71 5.27267
9.72 3.85849
9.73 2.42743
9.74 0.985838
9.75 -0.459857
9.76 -1.90322
9.77 -3.33783
9.78 -4.75731
9.79 -6.15535
9.8 -7.52576
9.81 -8.8625
9.82 -10.1597
9.83 -11.4116
9.84 -12.6128
9.85 -13.7581
9.86 -14.8424
9.87 -15.8612
9.88 -16.8101
9.89 -17.6851
9.9 -18.4823
9.91 -19.1986
9.92 -19.8308
9.93 -20.3763
9.94 -20.8329
9.95 -21.1987
9.96 -21.4721
9.97 -21.6521
9.98 -21.738
9.99 -21.7293
10 -21.6263
10.01 -21.4292
10.02 -21.1389
10.03 -20.7567
10.04 -20.2842
10.05 -19.7233
10.06 -19.0764
10.07 -18.3463
10.08 -17.536
10.09 -16.649
10.1 -15.6891
10.11 -14.6604
10.12 -13.5673
10.13 -12.4146
10.14 -11.2073
10.15 -9.95069
10.16 -8.65021
10.17 -7.31161
10.18 -5.94081
10.19 -4.54387
10.2 -3.127
10.21 -1.6965
10.22 -0.258715
10.23 1.17993
10.24 2.61305
10.25 4.03425
10.26 5.43723
10.27 6.81577
10.28 8.16376
10.29 9.47526
10.3 10.7445
10.31 11.9659
10.32 13.1343
10.33 14.2444
10.34 15.2915
10.35 16.2712
10.36 17.1791
10.37 18.0116
10.38 18.765
10.39 19.4362
10.4 20.0224
10.41 20.5211
10.42 20.9303
10.43 21.2482
10.44 21.4737
10.45 21.6057
10.46 21.6437
10.47 21.5877
10.48 21.4378
10.49 21.1947
10.5 20.8594
10.51 20.4333
10.52 19.9183
10.53 19.3164
10.54 18.6303
10.55 17.8628
10.56 17.0172
10.57 16.0971
10.58 15.1065
10.59 14.0496
10.6 12.9309
10.61 11.7554
10.62 10.5281
10.63 9.25451
10.64 7.94011
10.65 6.59073
10.66 5.21233
10.67 3.81103
10.68 2.39304
10.69 0.964687
10.7 -0.467685
10.71 -1.89769
10.72 -3.31897
10.73 -4.72521
10.74 -6.11015
10.75 -7.46767
10.76 -8.79177
10.77 -10.0766
10.78 -11.3166
10.79 -12.5063
10.8 -13.6404
10.81 -14.7143
10.82 -15.7231
10.83 -16.6625
10.84 -17.5287
10.85 -18.3178
10.86 -19.0266
10.87 -19.6521
10.88 -20.1917
10.89 -20.6431
10.9 -21.0045
10.91 -21.2744
10.92 -21.4517
10.93 -21.5356
10.94 -21.5259
10.95 -21.4225
10.96 -21.226
10.97 -20.9372
10.98 -20.5573
10.99 -20.0879
11 -19.5309
11.01 -18.8888
11.02 -18.1642
11.03 -17.3602
11.04 -16.4802
11.05 -15.5281
11.06 -14.5078
11.07 -13.4239
11.08 -12.2809
11.09 -11.0839
11.1 -9.8381
11.11 -8.54894
11.12 -7.22212
11.13 -5.86348
11.14 -4.47906
11.15 -3.07498
11.16 -1.65749
11.17 -0.232903
11.18 1.19244
11.19 2.6122
11.2 4.02005
11.21 5.40975
11.22 6.77512
11.23 8.11013
11.24 9.40889
11.25 10.6657
11.26 11.875
11.27 13.0317
11.28 14.1305
11.29 15.1669
11.3 16.1363
11.31 17.0346
11.32 17.8581
11.33 18.6031
11.34 19.2666
11.35 19.8458
11.36 20.3383
11.37 20.742
11.38 21.0553
11.39 21.2768
11.4 21.4058
11.41 21.4416
11.42 21.3842
11.43 21.2337
11.44 20.9909
11.45 20.6567
11.46 20.2326
11.47 19.7204
11.48 19.1222
11.49 18.4405
11.5 17.6783
11.51 16.8387
11.52 15.9255
11.53 14.9423
11.54 13.8937
11.55 12.7839
11.56 11.618
11.57 10.4008
11.58 9.13792
11.59 7.83473
11.6 6.49701
11.61 5.1307
11.62 3.74184
11.63 2.33661
11.64 0.921251
11.65 -0.497931
11.66 -1.91462
11.67 -3.32251
11.68 -4.71533
11.69 -6.08692
11.7 -7.43119
11.71 -8.7422
11.72 -10.0142
11.73 -11.2415
11.74 -12.419
11.75 -13.5413
11.76 -14.6036
11.77 -15.6014
11.78 -16.5305
11.79 -17.3867
11.8 -18.1666
11.81 -18.8668
11.82 -19.4843
11.83 -20.0166
11.84 -20.4615
11.85 -20.8172
11.86 -21.0821
11.87 -21.2552
11.88 -21.3357
11.89 -21.3234
11.9 -21.2184
11.91 -21.0211
11.92 -20.7322
11.93 -20.3532
11.94 -19.8854
11.95 -19.331
11.96 -18.6923
11.97 -17.9719
11.98 -17.1729
11.99 -16.2988
12 -15.3533
12.01 -14.3404
12.02 -13.2645
12.03 -12.1303
12.04 -10.9427
12.05 -9.70689
12.06 -8.42834
12.07 -7.11264
12.08 -5.76562
12.09 -4.39323
12.1 -3.00157
12.11 -1.59683
12.12 -0.185256
12.13 1.22687
12.14 2.63325
12.15 4.02764
12.16 5.40384
12.17 6.75575
12.18 8.07738
12.19 9.36291
12.2 10.6067
12.21 11.8033
12.22 12.9474
12.23 14.0342
12.24 15.0589
12.25 16.0171
12.26 16.9048
12.27 17.7181
12.28 18.4536
12.29 19.1082
12.3 19.6792
12.31 20.1641
12.32 20.561
12.33 20.8682
12.34 21.0845
12.35 21.209
12.36 21.2412
12.37 21.1809
12.38 21.0285
12.39 20.7845
12.4 20.4501
12.41 20.0266
12.42 19.5158
12.43 18.9199
12.44 18.2414
12.45 17.4832
12.46 16.6485
12.47 15.7408
12.48 14.7642
12.49 13.7227
12.5 12.6209
12.51 11.4636
12.52 10.2558
12.53 9.00278
12.54 7.71012
12.55 6.3835
12.56 5.02878
12.57 3.65196
12.58 2.25916
12.59 0.856578
12.6 -0.549542
12.61 -1.95294
12.62 -3.34737
12.63 -4.72663
12.64 -6.0846
12.65 -7.41527
12.66 -8.71275
12.67 -9.97134
12.68 -11.1855
12.69 -12.3499
12.7 -13.4596
12.71 -14.5097
12.72 -15.4956
12.73 -16.4132
12.74 -17.2585
12.75 -18.028
12.76 -18.7184
12.77 -19.3267
12.78 -19.8506
12.79 -20.2877
12.8 -20.6362
12.81 -20.8948
12.82 -21.0623
12.83 -21.1381
12.84 -21.1219
12.85 -21.0138
12.86 -20.8142
12.87 -20.524
12.88 -20.1445
12.89 -19.6771
12.9 -19.1239
12.91 -18.4873
12.92 -17.7699
12.93 -16.9747
12.94 -16.1053
12.95 -15.1652
12.96 -14.1586
12.97 -13.0898
12.98 -11.9635
12.99 -10.7844
13 -9.55792
13.01 -8.28927
13.02 -6.9841
13.03 -5.64816
13.04 -4.28738
13.05 -2.90779
13.06 -1.51554
13.07 -0.116808
13.08 1.28217
13.09 2.67516
13.1 4.05598
13.11 5.41848
13.12 6.75662
13.13 8.06449
13.14 9.33632
13.15 10.5665
13.16 11.7497
13.17 12.8807
13.18 13.9546
13.19 14.9668
13.2 15.9129
13.21 16.7888
13.22 17.5909
13.23 18.3158
13.24 18.9603
13.25 19.5219
13.26 19.998
13.27 20.3869
13.28 20.6867
13.29 20.8964
13.3 21.0151
13.31 21.0423
13.32 20.9778
13.33 20.8221
13.34 20.5756
13.35 20.2396
13.36 19.8154
13.37 19.3048
13.38 18.7099
13.39 18.0334
13.4 17.2779
13.41 16.4469
13.42 15.5438
13.43 14.5725
13.44 13.5373
13.45 12.4425
13.46 11.2929
13.47 10.0937
13.48 8.84993
13.49 7.56718
13.5 6.2511
13.51 4.9075
13.52 3.54234
13.53 2.16168
13.54 0.771674
13.55 -0.621496
13.56 -2.01163
13.57 -3.39253
13.58 -4.75807
13.59 -6.10218
13.6 -7.41891
13.61 -8.70244
13.62 -9.94713
13.63 -11.1475
13.64 -12.2983
13.65 -13.3946
13.66 -14.4315
13.67 -15.4047
13.68 -16.3099
13.69 -17.1433
13.7 -17.9013
13.71 -18.5808
13.72 -19.1788
13.73 -19.693
13.74 -20.121
13.75 -20.4612
13.76 -20.7122
13.77 -20.8729
13.78 -20.9426
13.79 -20.9212
13.8 -20.8087
13.81 -20.6055
13.82 -20.3127
13.83 -19.9313
13.84 -19.463
13.85 -18.9098
13.86 -18.2741
13.87 -17.5584
13.88 -16.766
13.89 -15.9001
13.9 -14.9645
13.91 -13.9633
13.92 -12.9006
13.93 -11.7812
13.94 -10.61
13.95 -9.39197
13.96 -8.13259
13.97 -6.83736
13.98 -5.51202
13.99 -4.16243
14 -2.7946
14.01 -1.41459
14.02 -0.0285571
14.03 1.35733
14.04 2.73691
14.05 4.10403
14.06 5.45263
14.07 6.77672
14.08 8.07046
14.09 9.32813
14.1 10.5442
14.11 11.7134
14.12 12.8305
14.13 13.8908
14.14 14.8896
14.15 15.8226
14.16 16.686
14.17 17.4759
14.18 18.189
14.19 18.8224
14.2 19.3733
14.21 19.8396
14.22 20.2191
14.23 20.5104
14.24 20.7122
14.25 20.8238
14.26 20.8447
14.27 20.7748
14.28 20.6144
14.29 20.3642
14.3 20.0253
14.31 19.5991
14.32 19.0874
14.33 18.4924
14.34 17.8166
14.35 17.0629
14.36 16.2345
14.37 15.3349
14.38 14.368
14.39 13.338
14.4 12.2494
14.41 11.1068
14.42 9.91532
14.43 8.68016
14.44 7.40673
14.45 6.10068
14.46 4.76776
14.47 3.41391
14.48 2.04513
14.49 0.667513
14.5 -0.712804
14.51 -2.08968
14.52 -3.45698
14.53 -4.80863
14.54 -6.13863
14.55 -7.4411
14.56 -8.71027
14.57 -9.94056
14.58 -11.1266
14.59 -12.2631
14.6 -13.3453
14.61 -14.3683
14.62 -15.3279
14.63 -16.2198
14.64 -17.0403
14.65 -17.7859
14.66 -18.4534
14.67 -19.04
14.68 -19.5433
14.69 -19.9611
14.7 -20.2918
14.71 -20.5339
14.72 -20.6865
14.73 -20.749
14.74 -20.721
14.75 -20.6028
14.76 -20.3949
14.77 -20.0981
14.78 -19.7137
14.79 -19.2433
14.8 -18.6889
14.81 -18.0529
14.82 -17.3379
14.83 -16.5471
14.84 -15.6838
14.85 -14.7516
14.86 -13.7547
14.87 -12.6974
14.88 -11.5842
14.89 -10.4199
14.9 -9.20979
14.91 -7.95906
14.92 -6.67325
14.93 -5.35805
14.94 -4.01928
14.95 -2.6629
14.96 -1.29493
14.97 0.078532
14.98 1.45138
14.99 2.8175
15 4.1708
15.01 5.5053
15.02 6.81505
15.03 8.09428
15.04 9.33734
15.05 10.5388
15.06 11.6933
15.07 12.7959
15.08 13.8418
15.09 14.8265
15.1 15.7456
15.11 16.5954
15.12 17.3722
15.13 18.0726
15.14 18.6937
15.15 19.233
15.16 19.6881
15.17 20.0572
15.18 20.3387
15.19 20.5315
15.2 20.6348
15.21 20.6482
15.22 20.5716
15.23 20.4053
15.24 20.1502
15.25 19.8072
15.26 19.3778
15.27 18.8639
15.28 18.2676
15.29 17.5915
15.3 16.8384
15.31 16.0115
15.32 15.1144
15.33 14.151
15.34 13.1254
15.35 12.0421
15.36 10.9058
15.37 9.72142
15.38 8.49421
15.39 7.22955
15.4 5.93305
15.41 4.61043
15.42 3.26756
15.43 1.91042
15.44 0.545034
15.45 -0.822507
15.46 -2.18612
15.47 -3.53973
15.48 -4.87733
15.49 -6.19298
15.5 -7.48085
15.51 -8.73526
15.52 -9.95067
15.53 -11.1218
15.54 -12.2434
15.55 -13.3108
15.56 -14.3192
15.57 -15.2643
15.58 -16.1421
15.59 -16.9487
15.6 -17.6809
15.61 -18.3354
15.62 -18.9095
15.63 -19.4009
15.64 -19.8074
15.65 -20.1274
15.66 -20.3595
15.67 -20.5029
15.68 -20.5568
15.69 -20.5212
15.7 -20.3961
15.71 -20.1822
15.72 -19.8803
15.73 -19.4916
15.74 -19.018
15.75 -18.4613
15.76 -17.8239
15.77 -17.1086
15.78 -16.3183
15.79 -15.4566
15.8 -14.527
15.81 -13.5336
15.82 -12.4807
15.83 -11.3729
15.84 -10.215
15.85 -9.01208
15.86 -7.76944
15.87 -6.49255
15.88 -5.18707
15.89 -3.85879
15.9 -2.5136
15.91 -1.15748
15.92 0.203524
15.93 1.56336
15.94 2.91596
15.95 4.25532
15.96 5.5755
15.97 6.87062
15.98 8.13498
15.99 9.363
16 10.5493
16.01 11.6886
16.02 12.776
16.03 13.8068
16.04 14.7766
16.05 15.681
16.06 16.5164
16.07 17.279
16.08 17.9657
16.09 18.5737
16.1 19.1002
16.11 19.5431
16.12 19.9007
16.13 20.1713
16.14 20.3539
16.15 20.4477
16.16 20.4524
16.17 20.3679
16.18 20.1947
16.19 19.9334
16.2 19.5852
16.21 19.1516
16.22 18.6343
16.23 18.0356
16.24 17.3581
16.25 16.6046
16.26 15.7783
16.27 14.8829
16.28 13.9221
16.29 12.9001
16.3 11.8213
16.31 10.6905
16.32 9.5126
16.33 8.29277
16.34 7.03639
16.35 5.749
16.36 4.43631
16.37 3.10414
16.38 1.75843
16.39 0.405145
16.4 -0.949675
16.41 -2.3
16.42 -3.63983
16.43 -4.96319
16.44 -6.26423
16.45 -7.53718
16.46 -8.77642
16.47 -9.97649
16.48 -11.1321
16.49 -12.2383
16.5 -13.2902
16.51 -14.2832
16.52 -15.2131
16.53 -16.0758
16.54 -16.8678
16.55 -17.5856
16.56 -18.2261
16.57 -18.7868
16.58 -19.2652
16.59 -19.6593
16.6 -19.9675
16.61 -20.1885
16.62 -20.3215
16.63 -20.3658
16.64 -20.3213
16.65 -20.1883
16.66 -19.9672
16.67 -19.659
16.68 -19.2651
16.69 -18.7871
16.7 -18.2271
16.71 -17.5873
16.72 -16.8706
16.73 -16.08
16.74 -15.2189
16.75 -14.291
16.76 -13.3003
16.77 -12.2511
16.78 -11.148
16.79 -9.99575
16.8 -8.79947
16.81 -7.56441
16.82 -6.296
16.83 -4.99987
16.84 -3.68176
16.85 -2.34753
16.86 -1.00311
16.87 0.345513
16.88 1.69233
16.89 3.03136
16.9 4.35663
16.91 5.66226
16.92 6.94247
16.93 8.19159
16.94 9.40412
16.95 10.5747
16.96 11.6983
16.97 12.7699
16.98 13.7849
16.99 14.739
17 15.6279
17.01 16.448
17.02 17.1957
17.03 17.8677
17.04 18.4614
17.05 18.9742
17.06 19.404
17.07 19.7489
17.08 20.0075
17.09 20.1788
17.1 20.2621
17.11 20.257
17.12 20.1635
17.13 19.9822
17.14 19.7137
17.15 19.3592
17.16 18.9202
17.17 18.3986
17.18 17.7966
17.19 17.1167
17.2 16.3618
17.21 15.5353
17.22 14.6405
17.23 13.6815
17.24 12.6623
17.25 11.5874
17.26 10.4615
17.27 9.28948
17.28 8.07651
17.29 6.82793
17.3 5.54927
17.31 4.24619
17.32 2.92448
17.33 1.59001
17.34 0.248727
17.35 -1.0934
17.36 -2.4304
17.37 -3.75632
17.38 -5.06526
17.39 -6.35143
17.4 -7.60913
17.41 -8.8328
17.42 -10.0171
17.43 -11.1567
17.44 -12.2468
17.45 -13.2825
17.46 -14.2595
17.47 -15.1734
17.48 -16.0203
17.49 -16.7967
17.5 -17.4992
17.51 -18.1249
17.52 -18.6711
17.53 -19.1355
17.54 -19.5162
17.55 -19.8115
17.56 -20.0204
17.57 -20.1419
17.58 -20.1755
17.59 -20.1211
17.6 -19.979
17.61 -19.7497
17.62 -19.4343
17.63 -19.0341
17.64 -18.5507
17.65 -17.9863
17.66 -17.3432
17.67 -16.6241
17.68 -15.8323
17.69 -14.971
17.7 -14.0439
17.71 -13.0552
17.72 -12.009
17.73 -10.9099
17.74 -9.76276
17.75 -8.5726
17.76 -7.34464
17.77 -6.08431
17.78 -4.79719
17.79 -3.48899
17.8 -2.16553
17.81 -0.832677
17.82 0.503618
17.83 1.83741
17.84 3.16276
17.85 4.47378
17.86 5.76464
17.87 7.02962
17.88 8.26314
17.89 9.45975
17.9 10.6142
17.91 11.7214
17.92 12.7766
17.93 13.7752
17.94 14.7129
17.95 15.5855
17.96 16.3895
17.97 17.1213
17.98 17.7778
17.99 18.3564
18 18.8545
18.01 19.27
18.02 19.6013
18.03 19.8469
18.04 20.0059
18.05 20.0775
18.06 20.0616
18.07 19.9582
18.08 19.7677
18.09 19.4909
18.1 19.1291
18.11 18.6838
18.12 18.1568
18.13 17.5504
18.14 16.8673
18.15 16.1102
18.16 15.2825
18.17 14.3877
18.18 13.4297
18.19 12.4127
18.2 11.341
18.21 10.2193
18.22 9.05263
18.23 7.84604
18.24 6.60485
18.25 5.33457
18.26 4.04083
18.27 2.72936
18.28 1.406
18.29 0.0766357
18.3 -1.25281
18.31 -2.57641
18.32 -3.88829
18.33 -5.18261
18.34 -6.45363
18.35 -7.69574
18.36 -8.90344
18.37 -10.0714
18.38 -11.1946
18.39 -12.268
18.4 -13.2869
18.41 -14.2471
18.42 -15.1443
18.43 -15.9746
18.44 -16.7346
18.45 -17.421
18.46 -18.0309
18.47 -18.5617
18.48 -19.0111
18.49 -19.3774
18.5 -19.659
18.51 -19.8547
18.52 -19.9637
18.53 -19.9856
18.54 -19.9203
18.55 -19.768
18.56 -19.5296
18.57 -19.2059
18.58 -18.7983
18.59 -18.3086
18.6 -17.7389
18.61 -17.0915
18.62 -16.3693
18.63 -15.5754
18.64 -14.7131
18.65 -13.7861
18.66 -12.7986
18.67 -11.7548
18.68 -10.6592
18.69 -9.51657
18.7 -8.33203
18.71 -7.11077
18.72 -5.85816
18.73 -4.57976
18.74 -3.28124
18.75 -1.96838
18.76 -0.647009
18.77 0.676981
18.78 1.9977
18.79 3.30926
18.8 4.60585
18.81 5.88169
18.82 7.13115
18.83 8.34869
18.84 9.52895
18.85 10.6668
18.86 11.7571
18.87 12.7953
18.88 13.7767
18.89 14.6973
18.9 15.5529
18.91 16.3399
18.92 17.0551
18.93 17.6952
18.94 18.2577
18.95 18.7402
18.96 19.1406
18.97 19.4573
18.98 19.6889
18.99 19.8346
19 19.8936
19.01 19.8659
19.02 19.7514
19.03 19.5508
19.04 19.2648
19.05 18.8947
19.06 18.4421
19.07 17.9088
19.08 17.2973
19.09 16.6099
19.1 15.8498
19.11 15.0202
19.12 14.1246
19.13 13.167
19.14 12.1514
19.15 11.0823
19.16 9.96441
19.17 8.80259
19.18 7.60195
19.19 6.3678
19.2 5.1056
19.21 3.82094
19.22 2.51954
19.23 1.20718
19.24 -0.110297
19.25 -1.42703
19.26 -2.73715
19.27 -4.03482
19.28 -5.3143
19.29 -6.5699
19.3 -7.79607
19.31 -8.98739
19.32 -10.1386
19.33 -11.2447
19.34 -12.3009
19.35 -13.3025
19.36 -14.2452
19.37 -15.1249
19.38 -15.9379
19.39 -16.6807
19.4 -17.3501
19.41 -17.9433
19.42 -18.4578
19.43 -18.8915
19.44 -19.2424
19.45 -19.5092
19.46 -19.6908
19.47 -19.7864
19.48 -19.7955
19.49 -19.7183
19.5 -19.555
19.51 -19.3064
19.52 -18.9735
19.53 -18.5577
19.54 -18.0608
19.55 -17.4849
19.56 -16.8324
19.57 -16.1062
19.58 -15.3094
19.59 -14.4454
19.6 -13.5179
19.61 -12.531
19.62 -11.4889
19.63 -10.3962
19.64 -9.25766
19.65 -8.07833
19.66 -6.86338
19.67 -5.61818
19.68 -4.34826
19.69 -3.05924
19.7 -1.75686
19.71 -0.446913
19.72 0.864766
19.73 2.17234
19.74 3.46998
19.75 4.75194
19.76 6.0125
19.77 7.24611
19.78 8.44729
19.79 9.61076
19.8 10.7314
19.81 11.8044
19.82 12.8249
19.83 13.7886
19.84 14.6913
19.85 15.5292
19.86 16.2986
19.87 16.9962
19.88 17.6191
19.89 18.1647
19.9 18.6307
19.91 19.0151
19.92 19.3162
19.93 19.5329
19.94 19.6643
19.95 19.7098
19.96 19.6693
19.97 19.5429
19.98 19.3312
19.99 19.0351
20 18.6558
20.01 18.195
20.02 17.6547
20.03 17.037
20.04 16.3448
20.05 15.5809
20.06 14.7486
20.07 13.8516
20.08 12.8936
20.09 11.8789
20.1 10.8119
20.11 9.69726
20.12 8.53986
20.13 7.34481
20.14 6.11738
20.15 4.863
20.16 3.58724
20.17 2.29578
20.18 0.994344
20.19 -0.311261
20.2 -1.61522
20.21 -2.91174
20.22 -4.19505
20.23 -5.45944
20.24 -6.69931
20.25 -7.90919
20.26 -9.08372
20.27 -10.2177
20.28 -11.3063
20.29 -12.3446
20.3 -13.3282
20.31 -14.2528
20.32 -15.1144
20.33 -15.9093
20.34 -16.6341
20.35 -17.2858
20.36 -17.8615
20.37 -18.3589
20.38 -18.7758
20.39 -19.1105
20.4 -19.3617
20.41 -19.5282
20.42 -19.6094
20.43 -19.6049
20.44 -19.5149
20.45 -19.3397
20.46 -19.08
20.47 -18.737
20.48 -18.3121
20.49 -17.8071
20.5 -17.2242
20.51 -16.5659
20.52 -15.8349
20.53 -15.0346
20.54 -14.1681
20.55 -13.2395
20.56 -12.2525
20.57 -11.2117
20.58 -10.1214
20.59 -8.98652
20.6 -7.81201
20.61 -6.60306
20.62 -5.36502
20.63 -4.10336
20.64 -2.8237
20.65 -1.53172
20.66 -0.233173
20.67 1.06616
20.68 2.36048
20.69 3.64405
20.7 4.91115
20.71 6.15617
20.72 7.37358
20.73 8.55802
20.74 9.70426
20.75 10.8073
20.76 11.8623
20.77 12.8646
20.78 13.8099
20.79 14.6942
20.8 15.5135
20.81 16.2645
20.82 16.9439
20.83 17.5488
20.84 18.0766
20.85 18.5252
20.86 18.8927
20.87 19.1775
20.88 19.3784
20.89 19.4946
20.9 19.5257
20.91 19.4715
20.92 19.3323
20.93 19.1086
20.94 18.8015
20.95 18.4122
20.96 17.9425
20.97 17.3942
20.98 16.7698
20.99 16.0718
21 15.3034
21.01 14.4679
21.02 13.5687
21.03 12.6099
21.04 11.5955
21.05 10.5301
21.06 9.4183
21.07 8.26495
21.08 7.07516
21.09 5.85418
21.1 4.60741
21.11 3.34041
21.12 2.05878
21.13 0.768244
21.14 -0.525461
21.15 -1.81657
21.16 -3.09935
21.17 -4.36807
21.18 -5.61713
21.19 -6.84096
21.2 -8.03418
21.21 -9.1915
21.22 -10.3079
21.23 -11.3783
21.24 -12.3983
21.25 -13.3633
21.26 -14.2691
21.27 -15.1119
21.28 -15.8879
21.29 -16.5941
21.3 -17.2272
21.31 -17.7846
21.32 -18.264
21.33 -18.6634
21.34 -18.981
21.35 -19.2156
21.36 -19.3662
21.37 -19.4322
21.38 -19.4133
21.39 -19.3096
21.4 -19.1215
21.41 -18.85
21.42 -18.496
21.43 -18.0612
21.44 -17.5474
21.45 -16.9568
21.46 -16.2919
21.47 -15.5555
21.48 -14.7509
21.49 -13.8815
21.5 -12.951
21.51 -11.9636
21.52 -10.9235
21.53 -9.83522
21.54 -8.7036
21.55 -7.53359
21.56 -6.33037
21.57 -5.09926
21.58 -3.84572
21.59 -2.57531
21.6 -1.29369
21.61 -0.00655861
21.62 1.28035
21.63 2.5613
21.64 3.83061
21.65 5.08262
21.66 6.31179
21.67 7.51267
21.68 8.67996
21.69 9.80853
21.7 10.8934
21.71 11.9299
21.72 12.9134
21.73 13.8397
21.74 14.7049
21.75 15.5051
21.76 16.2369
21.77 16.8973
21.78 17.4834
21.79 17.9927
21.8 18.4231
21.81 18.7729
21.82 19.0404
21.83 19.2247
21.84 19.3249
21.85 19.3407
21.86 19.272
21.87 19.1192
21.88 18.8827
21.89 18.5638
21.9 18.1637
21.91 17.6842
21.92 17.1273
21.93 16.4953
21.94 15.7911
21.95 15.0175
21.96 14.178
21.97 13.2762
21.98 12.316
21.99 11.3016
22 10.2373
22.01 9.12794
22.02 7.97832
22.03 6.79352
22.04 5.57877
22.05 4.33946
22.06 3.0811
22.07 1.80926
22.08 0.529625
22.09 -0.75212
22.1 -2.03026
22.11 -3.29912
22.12 -4.55305
22.13 -5.78648
22.14 -6.99395
22.15 -8.17013
22.16 -9.30982
22.17 -10.408
22.18 -11.4599
22.19 -12.4609
22.2 -13.4067
22.21 -14.2931
22.22 -15.1164
22.23 -15.873
22.24 -16.5597
22.25 -17.1735
22.26 -17.7119
22.27 -18.1725
22.28 -18.5535
22.29 -18.8533
22.3 -19.0705
22.31 -19.2044
22.32 -19.2543
22.33 -19.2201
22.34 -19.1019
22.35 -18.9003
22.36 -18.616
22.37 -18.2504
22.38 -17.805
22.39 -17.2816
22.4 -16.6825
22.41 -16.0104
22.42 -15.268
22.43 -14.4585
22.44 -13.5856
22.45 -12.6529
22.46 -11.6644
22.47 -10.6246
22.48 -9.53801
22.49 -8.40933
22.5 -7.24355
22.51 -6.04585
22.52 -4.8215
22.53 -3.57596
22.54 -2.31475
22.55 -1.04349
22.56 0.232177
22.57 1.50656
22.58 2.77398
22.59 4.02881
22.6 5.26547
22.61 6.47847
22.62 7.66246
22.63 8.8122
22.64 9.92264
22.65 10.9889
22.66 12.0063
22.67 12.9705
22.68 13.8772
22.69 14.7225
22.7 15.5029
22.71 16.2149
22.72 16.8555
22.73 17.4221
22.74 17.9121
22.75 18.3236
22.76 18.6548
22.77 18.9044
22.78 19.0712
22.79 19.1546
22.8 19.1544
22.81 19.0704
22.82 18.9031
22.83 18.6531
22.84 18.3217
22.85 17.91
22.86 17.4201
22.87 16.8538
22.88 16.2137
22.89 15.5025
22.9 14.7232
22.91 13.8793
22.92 12.9743
22.93 12.0122
22.94 10.9973
22.95 9.93383
22.96 8.8266
22.97 7.68043
22.98 6.5004
22.99 5.29172
23 4.05975
23.01 2.80996
23.02 1.54791
23.03 0.279215
23.04 -0.990473
23.05 -2.2555
23.06 -3.51025
23.07 -4.74912
23.08 -5.96664
23.09 -7.1574
23.1 -8.31614
23.11 -9.43776
23.12 -10.5173
23.13 -11.5501
23.14 -12.5316
23.15 -13.4576
23.16 -14.324
23.17 -15.1272
23.18 -15.8636
23.19 -16.5301
23.2 -17.1239
23.21 -17.6425
23.22 -18.0836
23.23 -18.4455
23.24 -18.7266
23.25 -18.9258
23.26 -19.0421
23.27 -19.0752
23.28 -19.0249
23.29 -18.8915
23.3 -18.6755
23.31 -18.3779
23.32 -17.9998
23.33 -17.5431
23.34 -17.0095
23.35 -16.4014
23.36 -15.7213
23.37 -14.9723
23.38 -14.1575
23.39 -13.2805
23.4 -12.3451
23.41 -11.3553
23.42 -10.3155
23.43 -9.23015
23.44 -8.10413
23.45 -6.94237
23.46 -5.75001
23.47 -4.53232
23.48 -3.29471
23.49 -2.04269
23.5 -0.781814
23.51 0.482293
23.52 1.74401
23.53 2.99771
23.54 4.23782
23.55 5.45884
23.56 6.65536
23.57 7.82207
23.58 8.95384
23.59 10.0457
23.6 11.0928
23.61 12.0907
23.62 13.0349
23.63 13.9214
23.64 14.7463
23.65 15.5062
23.66 16.1977
23.67 16.8179
23.68 17.3641
23.69 17.8342
23.7 18.226
23.71 18.5379
23.72 18.7687
23.73 18.9173
23.74 18.9832
23.75 18.9661
23.76 18.8661
23.77 18.6836
23.78 18.4195
23.79 18.0747
23.8 17.6509
23.81 17.1499
23.82 16.5737
23.83 15.9248
23.84 15.2061
23.85 14.4206
23.86 13.5717
23.87 12.6631
23.88 11.6988
23.89 10.683
23.9 9.62001
23.91 8.51464
23.92 7.37172
23.93 6.19629
23.94 4.99356
23.95 3.76886
23.96 2.52763
23.97 1.2754
23.98 0.0177313
23.99 -1.23977
24 -2.4915
24.01 -3.7319
24.02 -4.95546
24.03 -6.15674
24.04 -7.33042
24.05 -8.47132
24.06 -9.57443
24.07 -10.6349
24.08 -11.6481
24.09 -12.6095
24.1 -13.5151
24.11 -14.3609
24.12 -15.1432
24.13 -15.8588
24.14 -16.5045
24.15 -17.0776
24.16 -17.5757
24.17 -17.9966
24.18 -18.3387
24.19 -18.6004
24.2 -18.7807
24.21 -18.8788
24.22 -18.8943
24.23 -18.8273
24.24 -18.6779
24.25 -18.4468
24.26 -18.1351
24.27 -17.744
24.28 -17.2753
24.29 -16.7309
24.3 -16.1131
24.31 -15.4247
24.32 -14.6686
24.33 -13.848
24.34 -12.9665
24.35 -12.0279
24.36 -11.0364
24.37 -9.99623
24.38 -8.91198
24.39 -7.78842
24.4 -6.63051
24.41 -5.44338
24.42 -4.23228
24.43 -3.00258
24.44 -1.75977
24.45 -0.509367
24.46 0.743059
24.47 1.99193
24.48 3.23169
24.49 4.45683
24.5 5.6619
24.51 6.84158
24.52 7.99063
24.53 9.10399
24.54 10.1768
24.55 11.2043
24.56 12.182
24.57 13.1057
24.58 13.9714
24.59 14.7753
24.6 15.514
24.61 16.1843
24.62 16.7834
24.63 17.3087
24.64 17.758
24.65 18.1294
24.66 18.4214
24.67 18.6327
24.68 18.7624
24.69 18.81
24.7 18.7754
24.71 18.6587
24.72 18.4604
24.73 18.1813
24.74 17.8227
24.75 17.3861
24.76 16.8734
24.77 16.2867
24.78 15.6285
24.79 14.9018
24.8 14.1096
24.81 13.2554
24.82 12.3428
24.83 11.3759
24.84 10.3589
24.85 9.29617
24.86 8.19247
24.87 7.05263
24.88 5.88169
24.89 4.68484
24.9 3.46739
24.91 2.23475
24.92 0.992402
24.93 -0.254118
24.94 -1.49926
24.95 -2.73749
24.96 -3.96329
24.97 -5.17122
24.98 -6.35592
24.99 -7.51215
25 -8.6348
25.01 -9.71893
25.02 -10.7598
25.03 -11.7528
25.04 -12.6937
25.05 -13.5783
25.06 -14.4029
25.07 -15.1638
25.08 -15.8579
25.09 -16.4821
25.1 -17.0338
25.11 -17.5107
25.12 -17.9107
25.13 -18.2322
25.14 -18.4738
25.15 -18.6346
25.16 -18.7138
25.17 -18.7111
25.18 -18.6266
25.19 -18.4606
25.2 -18.2138
25.21 -17.8874
25.22 -17.4827
25.23 -17.0014
25.24 -16.4456
25.25 -15.8177
25.26 -15.1204
25.27 -14.3567
25.28 -13.5299
25.29 -12.6436
25.3 -11.7016
25.31 -10.708
25.32 -9.66726
25.33 -8.58386
25.34 -7.4626
25.35 -6.30843
25.36 -5.12646
25.37 -3.92192
25.38 -2.70017
25.39 -1.46664
25.4 -0.226829
25.41 1.01375
25.42 2.24958
25.43 3.47515
25.44 4.68502
25.45 5.87381
25.46 7.03627
25.47 8.16725
25.48 9.26176
25.49 10.315
25.5 11.3224
25.51 12.2794
25.52 13.1821
25.53 14.0264
25.54 14.8087
25.55 15.5256
25.56 16.1741
25.57 16.7514
25.58 17.2551
25.59 17.683
25.6 18.0333
25.61 18.3046
25.62 18.4957
25.63 18.6059
25.64 18.6346
25.65 18.5818
25.66 18.4477
25.67 18.233
25.68 17.9384
25.69 17.5654
25.7 17.1154
25.71 16.5904
25.72 15.9927
25.73 15.3248
25.74 14.5896
25.75 13.7903
25.76 12.9304
25.77 12.0135
25.78 11.0438
25.79 10.0253
25.8 8.96264
25.81 7.86044
25.82 6.72357
25.83 5.55706
25.84 4.36607
25.85 3.1559
25.86 1.93192
25.87 0.69958
25.88 -0.535634
25.89 -1.76822
25.9 -2.99269
25.91 -4.20361
25.92 -5.39559
25.93 -6.56335
25.94 -7.70172
25.95 -8.80568
25.96 -9.87037
25.97 -10.8911
25.98 -11.8635
25.99 -12.7832
26 -13.6463
26.01 -14.449
26.02 -15.188
26.03 -15.8599
26.04 -16.462
26.05 -16.9917
26.06 -17.4467
26.07 -17.8252
26.08 -18.1255
26.09 -18.3464
26.1 -18.4869
26.11 -18.5465
26.12 -18.5249
26.13 -18.4223
26.14 -18.2391
26.15 -17.9761
26.16 -17.6344
26.17 -17.2155
26.18 -16.7212
26.19 -16.1536
26.2 -15.5151
26.21 -14.8085
26.22 -14.0368
26.23 -13.2034
26.24 -12.3119
26.25 -11.3662
26.26 -10.3704
26.27 -9.32883
26.28 -8.24614
26.29 -7.12708
26.3 -5.97658
26.31 -4.79975
26.32 -3.60181
26.33 -2.38807
26.34 -1.16395
26.35 0.065121
26.36 1.29366
26.37 2.5162
26.38 3.7273
26.39 4.92158
26.4 6.09373
26.41 7.23858
26.42 8.35107
26.43 9.42628
26.44 10.4595
26.45 11.4462
26.46 12.3821
26.47 13.2631
26.48 14.0854
26.49 14.8455
26.5 15.54
26.51 16.1661
26.52 16.721
26.53 17.2024
26.54 17.6083
26.55 17.9369
26.56 18.1869
26.57 18.3572
26.58 18.4471
26.59 18.4563
26.6 18.3848
26.61 18.2327
26.62 18.0009
26.63 17.6903
26.64 17.3023
26.65 16.8384
26.66 16.3007
26.67 15.6916
26.68 15.0135
26.69 14.2695
26.7 13.4628
26.71 12.5968
26.72 11.6754
26.73 10.7025
26.74 9.68249
26.75 8.61972
26.76 7.51894
26.77 6.38499
26.78 5.22289
26.79 4.03779
26.8 2.83497
26.81 1.61977
26.82 0.397588
26.83 -0.82612
26.84 -2.04591
26.85 -3.25635
26.86 -4.45207
26.87 -5.62775
26.88 -6.77818
26.89 -7.89828
26.9 -8.98311
26.91 -10.0279
26.92 -11.028
26.93 -11.9792
26.94 -12.8772
26.95 -13.7182
26.96 -14.4986
26.97 -15.2149
26.98 -15.8641
26.99 -16.4435
27 -16.9505
27.01 -17.3831
27.02 -17.7393
27.03 -18.0178
27.04 -18.2173
27.05 -18.337
27.06 -18.3764
27.07 -18.3354
27.08 -18.2141
27.09 -18.0132
27.1 -17.7333
27.11 -17.3759
27.12 -16.9423
27.13 -16.4344
27.14 -15.8545
27.15 -15.205
27.16 -14.4887
27.17 -13.7088
27.18 -12.8685
27.19 -11.9716
27.2 -11.0219
27.21 -10.0237
27.22 -8.98123
27.23 -7.89916
27.24 -6.78224
27.25 -5.63541
27.26 -4.46376
27.27 -3.27249
27.28 -2.06688
27.29 -0.852315
27.3 0.365809
27.31 1.58207
27.32 2.79104
27.33 3.98736
27.34 5.16571
27.35 6.32085
27.36 7.44768
27.37 8.54123
27.38 9.59668
27.39 10.6094
27.4 11.5749
27.41 12.4891
27.42 13.3479
27.43 14.1477
27.44 14.8849
27.45 15.5565
27.46 16.1595
27.47 16.6914
27.48 17.15
27.49 17.5332
27.5 17.8395
27.51 18.0675
27.52 18.2165
27.53 18.2856
27.54 18.2747
27.55 18.1837
27.56 18.0132
27.57 17.7639
27.58 17.4367
27.59 17.0332
27.6 16.555
27.61 16.0042
27.62 15.3832
27.63 14.6946
27.64 13.9415
27.65 13.1271
27.66 12.2548
27.67 11.3286
27.68 10.3525
27.69 9.3307
27.7 8.26775
27.71 7.16833
27.72 6.03729
27.73 4.87964
27.74 3.70052
27.75 2.50517
27.76 1.2989
27.77 0.0870814
27.78 -1.12488
27.79 -2.33161
27.8 -3.52771
27.81 -4.70789
27.82 -5.86689
27.83 -6.9996
27.84 -8.10099
27.85 -9.16622
27.86 -10.1906
27.87 -11.1697
27.88 -12.0991
27.89 -12.9749
27.9 -13.7932
27.91 -14.5506
27.92 -15.2437
27.93 -15.8696
27.94 -16.4256
27.95 -16.9094
27.96 -17.3189
27.97 -17.6524
27.98 -17.9084
27.99 -18.0859
28 -18.1843
28.01 -18.2029
28.02 -18.1419
28.03 -18.0015
28.04 -17.7822
28.05 -17.4851
28.06 -17.1114
28.07 -16.6627
28.08 -16.1409
28.09 -15.5483
28.1 -14.8875
28.11 -14.1612
28.12 -13.3727
28.13 -12.5253
28.14 -11.6227
28.15 -10.669
28.16 -9.66819
28.17 -8.62475
28.18 -7.54326
28.19 -6.42849
28.2 -5.28537
28.21 -4.11898
28.22 -2.9345
28.23 -1.73719
28.24 -0.532379
28.25 0.674564
28.26 1.87827
28.27 3.07338
28.28 4.25457
28.29 5.41661
28.3 6.55434
28.31 7.66273
28.32 8.73689
28.33 9.77209
28.34 10.7638
28.35 11.7076
28.36 12.5996
28.37 13.4356
28.38 14.2123
28.39 14.9262
28.4 15.5742
28.41 16.1536
28.42 16.6619
28.43 17.0969
28.44 17.4569
28.45 17.7403
28.46 17.9459
28.47 18.0728
28.48 18.1206
28.49 18.089
28.5 17.9782
28.51 17.7887
28.52 17.5213
28.53 17.1772
28.54 16.7578
28.55 16.2649
28.56 15.7006
28.57 15.0674
28.58 14.3681
28.59 13.6055
28.6 12.7831
28.61 11.9044
28.62 10.9733
28.63 9.99379
28.64 8.9702
28.65 7.90704
28.66 6.80899
28.67 5.68091
28.68 4.5278
28.69 3.35478
28.7 2.16706
28.71 0.969927
28.72 -0.231289
28.73 -1.43124
28.74 -2.62458
28.75 -3.80601
28.76 -4.97028
28.77 -6.11221
28.78 -7.22676
28.79 -8.309
28.8 -9.35417
28.81 -10.3577
28.82 -11.3151
28.83 -12.2223
28.84 -13.0753
28.85 -13.8704
28.86 -14.6042
28.87 -15.2736
28.88 -15.8756
28.89 -16.4077
28.9 -16.8677
28.91 -17.2535
28.92 -17.5636
28.93 -17.7967
28.94 -17.9517
28.95 -18.0281
28.96 -18.0255
28.97 -17.9439
28.98 -17.7838
28.99 -17.5458
29 -17.231
29.01 -16.8406
29.02 -16.3764
29.03 -15.8403
29.04 -15.2348
29.05 -14.5623
29.06 -13.8258
29.07 -13.0285
29.08 -12.1738
29.09 -11.2655
29.1 -10.3076
29.11 -9.30415
29.12 -8.25969
29.13 -7.17879
29.14 -6.06622
29.15 -4.92691
29.16 -3.76592
29.17 -2.5884
29.18 -1.39958
29.19 -0.204773
29.2 0.990715
29.21 2.18156
29.22 3.36246
29.23 4.52816
29.24 5.6735
29.25 6.79339
29.26 7.88289
29.27 8.93719
29.28 9.95165
29.29 10.9218
29.3 11.8435
29.31 12.7126
29.32 13.5254
29.33 14.2784
29.34 14.9683
29.35 15.5922
29.36 16.1474
29.37 16.6315
29.38 17.0426
29.39 17.3788
29.4 17.6387
29.41 17.8213
29.42 17.9257
29.43 17.9516
29.44 17.8989
29.45 17.7678
29.46 17.5588
29.47 17.273
29.48 16.9114
29.49 16.4757
29.5 15.9678
29.51 15.3897
29.52 14.7441
29.53 14.0337
29.54 13.2616
29.55 12.431
29.56 11.5458
29.57 10.6096
29.58 9.62667
29.59 8.60127
29.6 7.53791
29.61 6.44129
29.62 5.31628
29.63 4.16784
29.64 3.00109
29.65 1.82122
29.66 0.633468
29.67 -0.556871
29.68 -1.7445
29.69 -2.92413
29.7 -4.09051
29.71 -5.23847
29.72 -6.36291
29.73 -7.45886
29.74 -8.52148
29.75 -9.54609
29.76 -10.5282
29.77 -11.4635
29.78 -12.3479
29.79 -13.1776
29.8 -13.949
29.81 -14.6587
29.82 -15.3037
29.83 -15.8813
29.84 -16.3889
29.85 -16.8245
29.86 -17.1862
29.87 -17.4723
29.88 -17.6819
29.89 -17.8139
29.9 -17.8678
29.91 -17.8435
29.92 -17.741
29.93 -17.5608
29.94 -17.3036
29.95 -16.9706
29.96 -16.5632
29.97 -16.0832
29.98 -15.5326
29.99 -14.9138
30 -14.2294
