0.01 23.9513
0.02 23.8173
0.03 23.6135
0.04 23.3532
0.05 23.0473
0.06 22.7052
0.07 22.3345
0.08 21.9417
0.09 21.5322
0.1 21.1105
0.11 20.6804
0.12 20.245
0.13 19.8069
0.14 19.3683
0.15 18.9308
0.16 18.496
0.17 18.0651
0.18 17.639
0.19 17.2185
0.2 16.8042
0.21 16.3967
0.22 15.9963
0.23 15.6032
0.24 15.2178
0.25 14.8401
0.26 14.4703
0.27 14.1084
0.28 13.7544
0.29 13.4083
0.3 13.0701
0.31 12.7396
0.32 12.4169
0.33 12.1017
0.34 11.7941
0.35 11.4938
0.36 11.2008
0.37 10.9149
0.38 10.636
0.39 10.364
0.4 10.0987
0.41 9.83994
0.42 9.58765
0.43 9.34166
0.44 9.10182
0.45 8.86801
0.46 8.64008
0.47 8.4179
0.48 8.20133
0.49 7.99024
0.5 7.78451
0.51 7.584
0.52 7.38858
0.53 7.19814
0.54 7.01255
0.55 6.8317
0.56 6.65546
0.57 6.48373
0.58 6.31639
0.59 6.15333
0.6 5.99445
0.61 5.83965
0.62 5.68881
0.63 5.54185
0.64 5.39865
0.65 5.25914
0.66 5.12321
0.67 4.99078
0.68 4.86175
0.69 4.73605
0.7 4.61358
0.71 4.49427
0.72 4.37802
0.73 4.26478
0.74 4.15445
0.75 4.04697
0.76 3.94226
0.77 3.84025
0.78 3.74088
0.79 3.64407
0.8 3.54975
0.81 3.45788
0.82 3.36837
0.83 3.28118
0.84 3.19624
0.85 3.1135
0.86 3.03289
0.87 2.95437
0.88 2.87787
0.89 2.80336
0.9 2.73077
0.91 2.66005
0.92 2.59117
0.93 2.52407
0.94 2.4587
0.95 2.39502
0.96 2.333
0.97 2.27257
0.98 2.21371
0.99 2.15638
1 2.10052
1.01 2.04611
1.02 1.99312
1.03 1.94149
1.04 1.8912
1.05 1.84221
1.06 1.79449
1.07 1.748
1.08 1.70272
1.09 1.65861
1.1 1.61564
1.11 1.57378
1.12 1.53301
1.13 1.4933
1.14 1.45461
1.15 1.41692
1.16 1.38022
1.17 1.34446
1.18 1.30962
1.19 1.27569
1.2 1.24264
1.21 1.21045
1.22 1.17909
1.23 1.14854
1.24 1.11878
1.25 1.08979
1.26 1.06156
1.27 1.03405
1.28 1.00726
1.29 0.981161
1.3 0.955739
1.31 0.930976
1.32 0.906854
1.33 0.883357
1.34 0.860469
1.35 0.838173
1.36 0.816456
1.37 0.795301
1.38 0.774694
1.39 0.75462
1.4 0.735067
1.41 0.716021
1.42 0.697468
1.43 0.679396
1.44 0.661792
1.45 0.644644
1.46 0.62794
1.47 0.611669
1.48 0.59582
1.49 0.580381
1.5 0.565343
1.51 0.550694
1.52 0.536424
1.53 0.522525
1.54 0.508985
1.55 0.495796
1.56 0.482949
1.57 0.470435
1.58 0.458245
1.59 0.446371
1.6 0.434805
1.61 0.423538
1.62 0.412564
1.63 0.401873
1.64 0.39146
1.65 0.381316
1.66 0.371436
1.67 0.361811
1.68 0.352436
1.69 0.343303
1.7 0.334408
1.71 0.325742
1.72 0.317302
1.73 0.30908
1.74 0.301071
1.75 0.293269
1.76 0.28567
1.77 0.278268
1.78 0.271057
1.79 0.264034
1.8 0.257192
1.81 0.250527
1.82 0.244036
1.83 0.237712
1.84 0.231552
1.85 0.225552
1.86 0.219708
1.87 0.214015
1.88 0.208469
1.89 0.203067
1.9 0.197805
1.91 0.19268
1.92 0.187687
1.93 0.182823
1.94 0.178086
1.95 0.173471
1.96 0.168976
1.97 0.164598
1.98 0.160333
1.99 0.156178
2 0.152131
2.01 0.148189
2.02 0.144349
2.03 0.140609
2.04 0.136965
2.05 0.133416
2.06 0.129959
2.07 0.126591
2.08 0.123311
2.09 0.120116
2.1 0.117003
2.11 0.113972
2.12 0.111018
2.13 0.108142
2.14 0.105339
2.15 0.10261
2.16 0.0999508
2.17 0.0973609
2.18 0.094838
2.19 0.0923805
2.2 0.0899867
2.21 0.087655
2.22 0.0853836
2.23 0.0831711
2.24 0.081016
2.25 0.0789166
2.26 0.0768717
2.27 0.0748798
2.28 0.0729395
2.29 0.0710494
2.3 0.0692084
2.31 0.067415
2.32 0.0656681
2.33 0.0639665
2.34 0.062309
2.35 0.0606944
2.36 0.0591217
2.37 0.0575897
2.38 0.0560974
2.39 0.0546438
2.4 0.0532278
2.41 0.0518486
2.42 0.050505
2.43 0.0491963
2.44 0.0479215
2.45 0.0466798
2.46 0.0454702
2.47 0.0442919
2.48 0.0431442
2.49 0.0420263
2.5 0.0409373
2.51 0.0398765
2.52 0.0388432
2.53 0.0378367
2.54 0.0368562
2.55 0.0359012
2.56 0.0349709
2.57 0.0340647
2.58 0.033182
2.59 0.0323222
2.6 0.0314846
2.61 0.0306688
2.62 0.0298741
2.63 0.0291
2.64 0.0283459
2.65 0.0276114
2.66 0.0268959
2.67 0.026199
2.68 0.0255201
2.69 0.0248588
2.7 0.0242147
2.71 0.0235872
2.72 0.022976
2.73 0.0223807
2.74 0.0218007
2.75 0.0212358
2.76 0.0206855
2.77 0.0201495
2.78 0.0196274
2.79 0.0191188
2.8 0.0186234
2.81 0.0181408
2.82 0.0176707
2.83 0.0172129
2.84 0.0167668
2.85 0.0163324
2.86 0.0159092
2.87 0.0154969
2.88 0.0150953
2.89 0.0147042
2.9 0.0143232
2.91 0.013952
2.92 0.0135905
2.93 0.0132383
2.94 0.0128953
2.95 0.0125611
2.96 0.0122357
2.97 0.0119186
2.98 0.0116098
2.99 0.0113089
3 0.0110159
3.01 0.0107304
3.02 0.0104524
3.03 0.0101815
3.04 0.0099177
3.05 0.00966071
3.06 0.00941038
3.07 0.00916653
3.08 0.00892901
3.09 0.00869763
3.1 0.00847226
3.11 0.00825272
3.12 0.00803887
3.13 0.00783057
3.14 0.00762766
3.15 0.00743001
3.16 0.00723748
3.17 0.00704994
3.18 0.00686725
3.19 0.00668931
3.2 0.00651597
3.21 0.00634713
3.22 0.00618266
3.23 0.00602245
3.24 0.00586639
3.25 0.00571438
3.26 0.00556631
3.27 0.00542207
3.28 0.00528157
3.29 0.00514471
3.3 0.0050114
3.31 0.00488154
3.32 0.00475505
3.33 0.00463184
3.34 0.00451181
3.35 0.0043949
3.36 0.00428102
3.37 0.00417009
3.38 0.00406203
3.39 0.00395677
3.4 0.00385424
3.41 0.00375437
3.42 0.00365709
3.43 0.00356232
3.44 0.00347001
3.45 0.0033801
3.46 0.00329251
3.47 0.00320719
3.48 0.00312409
3.49 0.00304314
3.5 0.00296428
3.51 0.00288747
3.52 0.00281265
3.53 0.00273977
3.54 0.00266877
3.55 0.00259962
3.56 0.00253225
3.57 0.00246664
3.58 0.00240272
3.59 0.00234046
3.6 0.00227981
3.61 0.00222074
3.62 0.00216319
3.63 0.00210714
3.64 0.00205254
3.65 0.00199935
3.66 0.00194754
3.67 0.00189708
3.68 0.00184792
3.69 0.00180004
3.7 0.00175339
3.71 0.00170796
3.72 0.0016637
3.73 0.00162059
3.74 0.0015786
3.75 0.00153769
3.76 0.00149785
3.77 0.00145903
3.78 0.00142123
3.79 0.0013844
3.8 0.00134853
3.81 0.00131358
3.82 0.00127954
3.83 0.00124639
3.84 0.00121409
3.85 0.00118263
3.86 0.00115199
3.87 0.00112214
3.88 0.00109306
3.89 0.00106473
3.9 0.00103715
3.91 0.00101027
3.92 0.000984092
3.93 0.000958591
3.94 0.000933752
3.95 0.000909556
3.96 0.000885987
3.97 0.000863029
3.98 0.000840666
3.99 0.000818882
4 0.000797663
4.01 0.000776994
4.02 0.00075686
4.03 0.000737248
4.04 0.000718144
4.05 0.000699535
4.06 0.000681409
4.07 0.000663752
4.08 0.000646552
4.09 0.000629798
4.1 0.000613479
4.11 0.000597582
4.12 0.000582097
4.13 0.000567014
4.14 0.000552321
4.15 0.000538009
4.16 0.000524068
4.17 0.000510488
4.18 0.00049726
4.19 0.000484375
4.2 0.000471824
4.21 0.000459598
4.22 0.000447688
4.23 0.000436088
4.24 0.000424787
4.25 0.00041378
4.26 0.000403058
4.27 0.000392614
4.28 0.00038244
4.29 0.00037253
4.3 0.000362877
4.31 0.000353474
4.32 0.000344315
4.33 0.000335393
4.34 0.000326702
4.35 0.000318236
4.36 0.00030999
4.37 0.000301957
4.38 0.000294133
4.39 0.000286511
4.4 0.000279087
4.41 0.000271855
4.42 0.000264811
4.43 0.000257949
4.44 0.000251265
4.45 0.000244754
4.46 0.000238412
4.47 0.000232234
4.48 0.000226216
4.49 0.000220354
4.5 0.000214645
4.51 0.000209083
4.52 0.000203665
4.53 0.000198387
4.54 0.000193247
4.55 0.000188239
4.56 0.000183361
4.57 0.00017861
4.58 0.000173982
4.59 0.000169474
4.6 0.000165082
4.61 0.000160804
4.62 0.000156638
4.63 0.000152579
4.64 0.000148625
4.65 0.000144774
4.66 0.000141022
4.67 0.000137368
4.68 0.000133809
4.69 0.000130341
4.7 0.000126964
4.71 0.000123674
4.72 0.000120469
4.73 0.000117348
4.74 0.000114307
4.75 0.000111345
4.76 0.00010846
4.77 0.000105649
4.78 0.000102912
4.79 0.000100245
4.8 9.76472e-05
4.81 9.5117e-05
4.82 9.26522e-05
4.83 9.02514e-05
4.84 8.79128e-05
4.85 8.56347e-05
4.86 8.34157e-05
4.87 8.12542e-05
4.88 7.91487e-05
4.89 7.70978e-05
4.9 7.51e-05
4.91 7.3154e-05
4.92 7.12584e-05
4.93 6.94119e-05
4.94 6.76133e-05
4.95 6.58613e-05
4.96 6.41546e-05
4.97 6.24922e-05
4.98 6.08729e-05
4.99 5.92955e-05
5 5.77591e-05
5.01 5.62624e-05
5.02 5.48045e-05
5.03 5.33844e-05
5.04 5.2001e-05
5.05 5.06536e-05
5.06 4.9341e-05
5.07 4.80625e-05
5.08 4.68171e-05
5.09 4.56039e-05
5.1 4.44222e-05
5.11 4.32711e-05
5.12 4.21499e-05
5.13 4.10577e-05
5.14 3.99937e-05
5.15 3.89574e-05
5.16 3.79479e-05
5.17 3.69646e-05
5.18 3.60068e-05
5.19 3.50737e-05
5.2 3.41649e-05
5.21 3.32796e-05
5.22 3.24172e-05
5.23 3.15772e-05
5.24 3.0759e-05
5.25 2.9962e-05
5.26 2.91856e-05
5.27 2.84293e-05
5.28 2.76926e-05
5.29 2.6975e-05
5.3 2.62761e-05
5.31 2.55952e-05
5.32 2.49319e-05
5.33 2.42859e-05
5.34 2.36566e-05
5.35 2.30436e-05
5.36 2.24465e-05
5.37 2.18648e-05
5.38 2.12983e-05
5.39 2.07464e-05
5.4 2.02088e-05
5.41 1.96851e-05
5.42 1.9175e-05
5.43 1.86782e-05
5.44 1.81942e-05
5.45 1.77227e-05
5.46 1.72635e-05
5.47 1.68161e-05
5.48 1.63804e-05
5.49 1.59559e-05
5.5 1.55425e-05
5.51 1.51397e-05
5.52 1.47474e-05
5.53 1.43653e-05
5.54 1.3993e-05
5.55 1.36305e-05
5.56 1.32773e-05
5.57 1.29332e-05
5.58 1.25981e-05
5.59 1.22716e-05
5.6 1.19536e-05
5.61 1.16439e-05
5.62 1.13422e-05
5.63 1.10483e-05
5.64 1.0762e-05
5.65 1.04831e-05
5.66 1.02115e-05
5.67 9.94687e-06
5.68 9.68912e-06
5.69 9.43805e-06
5.7 9.19349e-06
5.71 8.95526e-06
5.72 8.72321e-06
5.73 8.49717e-06
5.74 8.27699e-06
5.75 8.06251e-06
5.76 7.85359e-06
5.77 7.65009e-06
5.78 7.45186e-06
5.79 7.25876e-06
5.8 7.07067e-06
5.81 6.88745e-06
5.82 6.70898e-06
5.83 6.53513e-06
5.84 6.36579e-06
5.85 6.20084e-06
5.86 6.04016e-06
5.87 5.88365e-06
5.88 5.73119e-06
5.89 5.58268e-06
5.9 5.43802e-06
5.91 5.2971e-06
5.92 5.15984e-06
5.93 5.02614e-06
5.94 4.8959e-06
5.95 4.76903e-06
5.96 4.64546e-06
5.97 4.52508e-06
5.98 4.40783e-06
5.99 4.29361e-06
6 4.18235e-06
6.01 4.07398e-06
6.02 3.96841e-06
6.03 3.86558e-06
6.04 3.76541e-06
6.05 3.66784e-06
6.06 3.5728e-06
6.07 3.48022e-06
6.08 3.39004e-06
6.09 3.30219e-06
6.1 3.21663e-06
6.11 3.13328e-06
6.12 3.05208e-06
6.13 2.973e-06
6.14 2.89596e-06
6.15 2.82092e-06
6.16 2.74782e-06
6.17 2.67662e-06
6.18 2.60726e-06
6.19 2.5397e-06
6.2 2.47389e-06
6.21 2.40979e-06
6.22 2.34734e-06
6.23 2.28652e-06
6.24 2.22727e-06
6.25 2.16955e-06
6.26 2.11334e-06
6.27 2.05857e-06
6.28 2.00523e-06
6.29 1.95327e-06
6.3 1.90266e-06
6.31 1.85336e-06
6.32 1.80533e-06
6.33 1.75855e-06
6.34 1.71298e-06
6.35 1.66859e-06
6.36 1.62536e-06
6.37 1.58324e-06
6.38 1.54221e-06
6.39 1.50225e-06
6.4 1.46332e-06
6.41 1.42541e-06
6.42 1.38847e-06
6.43 1.35249e-06
6.44 1.31745e-06
6.45 1.28331e-06
6.46 1.25005e-06
6.47 1.21766e-06
6.48 1.18611e-06
6.49 1.15537e-06
6.5 1.12544e-06
6.51 1.09627e-06
6.52 1.06787e-06
6.53 1.0402e-06
6.54 1.01324e-06
6.55 9.86986e-07
6.56 9.6141e-07
6.57 9.36498e-07
6.58 9.12231e-07
6.59 8.88593e-07
6.6 8.65567e-07
6.61 8.43138e-07
6.62 8.21291e-07
6.63 8.00009e-07
6.64 7.79279e-07
6.65 7.59086e-07
6.66 7.39416e-07
6.67 7.20256e-07
6.68 7.01592e-07
6.69 6.83412e-07
6.7 6.65704e-07
6.71 6.48454e-07
6.72 6.31651e-07
6.73 6.15283e-07
6.74 5.99339e-07
6.75 5.83809e-07
6.76 5.68681e-07
6.77 5.53945e-07
6.78 5.39591e-07
6.79 5.25609e-07
6.8 5.11989e-07
6.81 4.98722e-07
6.82 4.85799e-07
6.83 4.73211e-07
6.84 4.60949e-07
6.85 4.49005e-07
6.86 4.3737e-07
6.87 4.26037e-07
6.88 4.14997e-07
6.89 4.04243e-07
6.9 3.93769e-07
6.91 3.83565e-07
6.92 3.73626e-07
6.93 3.63944e-07
6.94 3.54514e-07
6.95 3.45327e-07
6.96 3.36379e-07
6.97 3.27663e-07
6.98 3.19172e-07
6.99 3.10902e-07
7 3.02845e-07
7.01 2.94998e-07
7.02 2.87354e-07
7.03 2.79908e-07
7.04 2.72655e-07
7.05 2.6559e-07
7.06 2.58708e-07
7.07 2.52004e-07
7.08 2.45474e-07
7.09 2.39113e-07
7.1 2.32917e-07
7.11 2.26881e-07
7.12 2.21002e-07
7.13 2.15276e-07
7.14 2.09697e-07
7.15 2.04264e-07
7.16 1.98971e-07
7.17 1.93815e-07
7.18 1.88793e-07
7.19 1.83901e-07
7.2 1.79135e-07
7.21 1.74493e-07
7.22 1.69972e-07
7.23 1.65568e-07
7.24 1.61277e-07
7.25 1.57098e-07
7.26 1.53027e-07
7.27 1.49062e-07
7.28 1.452e-07
7.29 1.41437e-07
7.3 1.37772e-07
7.31 1.34202e-07
7.32 1.30725e-07
7.33 1.27337e-07
7.34 1.24038e-07
7.35 1.20823e-07
7.36 1.17693e-07
7.37 1.14643e-07
7.38 1.11672e-07
7.39 1.08779e-07
7.4 1.0596e-07
7.41 1.03214e-07
7.42 1.0054e-07
7.43 9.79344e-08
7.44 9.53967e-08
7.45 9.29247e-08
7.46 9.05168e-08
7.47 8.81713e-08
7.48 8.58866e-08
7.49 8.3661e-08
7.5 8.14932e-08
7.51 7.93815e-08
7.52 7.73245e-08
7.53 7.53209e-08
7.54 7.33691e-08
7.55 7.14679e-08
7.56 6.9616e-08
7.57 6.78121e-08
7.58 6.60549e-08
7.59 6.43433e-08
7.6 6.2676e-08
7.61 6.10519e-08
7.62 5.94699e-08
7.63 5.79289e-08
7.64 5.64278e-08
7.65 5.49656e-08
7.66 5.35414e-08
7.67 5.2154e-08
7.68 5.08025e-08
7.69 4.94861e-08
7.7 4.82038e-08
7.71 4.69547e-08
7.72 4.5738e-08
7.73 4.45528e-08
7.74 4.33984e-08
7.75 4.22738e-08
7.76 4.11784e-08
7.77 4.01114e-08
7.78 3.9072e-08
7.79 3.80595e-08
7.8 3.70733e-08
7.81 3.61127e-08
7.82 3.51769e-08
7.83 3.42654e-08
7.84 3.33775e-08
7.85 3.25126e-08
7.86 3.16701e-08
7.87 3.08495e-08
7.88 3.00501e-08
7.89 2.92714e-08
7.9 2.85129e-08
7.91 2.77741e-08
7.92 2.70544e-08
7.93 2.63533e-08
7.94 2.56704e-08
7.95 2.50053e-08
7.96 2.43573e-08
7.97 2.37262e-08
7.98 2.31114e-08
7.99 2.25125e-08
8 2.19291e-08
8.01 2.13609e-08
8.02 2.08074e-08
8.03 2.02682e-08
8.04 1.9743e-08
8.05 1.92314e-08
8.06 1.87331e-08
8.07 1.82477e-08
8.08 1.77748e-08
8.09 1.73142e-08
8.1 1.68656e-08
8.11 1.64286e-08
8.12 1.60029e-08
8.13 1.55882e-08
8.14 1.51843e-08
8.15 1.47908e-08
8.16 1.44075e-08
8.17 1.40342e-08
8.18 1.36705e-08
8.19 1.33163e-08
8.2 1.29712e-08
8.21 1.26351e-08
8.22 1.23077e-08
8.23 1.19888e-08
8.24 1.16781e-08
8.25 1.13755e-08
8.26 1.10808e-08
8.27 1.07936e-08
8.28 1.05139e-08
8.29 1.02415e-08
8.3 9.97612e-09
8.31 9.71761e-09
8.32 9.46581e-09
8.33 9.22053e-09
8.34 8.9816e-09
8.35 8.74886e-09
8.36 8.52216e-09
8.37 8.30133e-09
8.38 8.08622e-09
8.39 7.87669e-09
8.4 7.67258e-09
8.41 7.47377e-09
8.42 7.28011e-09
8.43 7.09146e-09
8.44 6.9077e-09
8.45 6.72871e-09
8.46 6.55435e-09
8.47 6.38451e-09
8.48 6.21907e-09
8.49 6.05792e-09
8.5 5.90095e-09
8.51 5.74804e-09
8.52 5.59909e-09
8.53 5.45401e-09
8.54 5.31268e-09
8.55 5.17502e-09
8.56 5.04092e-09
8.57 4.9103e-09
8.58 4.78306e-09
8.59 4.65912e-09
8.6 4.53839e-09
8.61 4.42079e-09
8.62 4.30624e-09
8.63 4.19465e-09
8.64 4.08596e-09
8.65 3.98008e-09
8.66 3.87695e-09
8.67 3.77649e-09
8.68 3.67863e-09
8.69 3.58331e-09
8.7 3.49045e-09
8.71 3.40001e-09
8.72 3.3119e-09
8.73 3.22609e-09
8.74 3.14249e-09
8.75 3.06106e-09
8.76 2.98174e-09
8.77 2.90448e-09
8.78 2.82921e-09
8.79 2.7559e-09
8.8 2.68449e-09
8.81 2.61493e-09
8.82 2.54717e-09
8.83 2.48117e-09
8.84 2.41687e-09
8.85 2.35425e-09
8.86 2.29324e-09
8.87 2.23382e-09
8.88 2.17594e-09
8.89 2.11955e-09
8.9 2.06463e-09
8.91 2.01113e-09
8.92 1.95902e-09
8.93 1.90825e-09
8.94 1.85881e-09
8.95 1.81064e-09
8.96 1.76372e-09
8.97 1.71802e-09
8.98 1.6735e-09
8.99 1.63014e-09
9 1.5879e-09
9.01 1.54675e-09
9.02 1.50667e-09
9.03 1.46763e-09
9.04 1.4296e-09
9.05 1.39255e-09
9.06 1.35647e-09
9.07 1.32132e-09
9.08 1.28708e-09
9.09 1.25373e-09
9.1 1.22124e-09
9.11 1.1896e-09
9.12 1.15877e-09
9.13 1.12875e-09
9.14 1.0995e-09
9.15 1.07101e-09
9.16 1.04325e-09
9.17 1.01622e-09
9.18 9.89888e-10
9.19 9.64238e-10
9.2 9.39252e-10
9.21 9.14914e-10
9.22 8.91206e-10
9.23 8.68113e-10
9.24 8.45618e-10
9.25 8.23706e-10
9.26 8.02362e-10
9.27 7.8157e-10
9.28 7.61318e-10
9.29 7.4159e-10
9.3 7.22374e-10
9.31 7.03656e-10
9.32 6.85422e-10
9.33 6.67661e-10
9.34 6.50361e-10
9.35 6.33508e-10
9.36 6.17092e-10
9.37 6.01102e-10
9.38 5.85526e-10
9.39 5.70354e-10
9.4 5.55574e-10
9.41 5.41178e-10
9.42 5.27155e-10
9.43 5.13495e-10
9.44 5.00189e-10
9.45 4.87228e-10
9.46 4.74603e-10
9.47 4.62305e-10
9.48 4.50325e-10
9.49 4.38656e-10
9.5 4.2729e-10
9.51 4.16217e-10
9.52 4.05432e-10
9.53 3.94926e-10
9.54 3.84693e-10
9.55 3.74725e-10
9.56 3.65015e-10
9.57 3.55556e-10
9.58 3.46343e-10
9.59 3.37368e-10
9.6 3.28626e-10
9.61 3.20111e-10
9.62 3.11816e-10
9.63 3.03736e-10
9.64 2.95865e-10
9.65 2.88199e-10
9.66 2.80731e-10
9.67 2.73457e-10
9.68 2.66371e-10
9.69 2.59468e-10
9.7 2.52745e-10
9.71 2.46196e-10
9.72 2.39816e-10
9.73 2.33602e-10
9.74 2.27549e-10
9.75 2.21652e-10
9.76 2.15909e-10
9.77 2.10314e-10
9.78 2.04864e-10
9.79 1.99556e-10
9.8 1.94385e-10
9.81 1.89348e-10
9.82 1.84441e-10
9.83 1.79662e-10
9.84 1.75007e-10
9.85 1.70472e-10
9.86 1.66054e-10
9.87 1.61752e-10
9.88 1.5756e-10
9.89 1.53477e-10
9.9 1.495e-10
9.91 1.45627e-10
9.92 1.41853e-10
9.93 1.38177e-10
9.94 1.34597e-10
9.95 1.31109e-10
9.96 1.27712e-10
9.97 1.24402e-10
9.98 1.21179e-10
9.99 1.18039e-10
10 1.1498e-10
