0 24
-0.181042 23.9481
-0.361312 23.7927
-0.540074 23.5344
-0.716596 23.1742
-0.890149 22.7138
-1.06001 22.1549
-1.22547 21.4999
-1.38582 20.7516
-1.54036 19.913
-1.68843 18.9877
-1.82936 17.9796
-1.96251 16.8929
-2.08727 15.7323
-2.20306 14.5028
-2.30934 13.2096
-2.40558 11.8584
-2.49132 10.455
-2.56614 9.00564
-2.62966 7.51661
-2.68155 5.99449
-2.72157 4.44604
-2.74949 2.87812
-2.76519 1.29769
-2.76857 -0.288201
-2.75963 -1.8725
-2.7384 -3.44815
-2.70502 -5.00816
-2.65964 -6.54558
-2.60251 -8.05363
-2.53391 -9.52565
-2.4542 -10.9552
-2.36378 -12.3359
-2.2631 -13.6619
-2.15264 -14.9274
-2.03294 -16.1269
-1.90457 -17.2553
-1.76813 -18.3078
-1.62424 -19.28
-1.47355 -20.1677
-1.31673 -20.9674
-1.15447 -21.6756
-0.987455 -22.2894
-0.816409 -22.8063
-0.642044 -23.2243
-0.465086 -23.5416
-0.286263 -23.7569
-0.106309 -23.8694
0.0740424 -23.8786
0.254057 -23.7846
0.433002 -23.5877
0.610144 -23.2888
0.784755 -22.889
0.956113 -22.3901
1.1235 -21.7942
1.28621 -21.1036
1.44354 -20.3213
1.59482 -19.4506
1.73936 -18.4951
1.87654 -17.4588
2.00572 -16.3462
2.1263 -15.1621
2.23772 -13.9114
2.33944 -12.5997
2.43098 -11.2326
2.51189 -9.81602
2.58176 -8.35626
2.64024 -6.85971
2.68705 -5.33299
2.72193 -3.78286
2.74471 -2.2162
2.75527 -0.63999
2.75357 0.938764
2.73961 2.51303
2.71347 4.0758
2.67528 5.62014
2.62525 7.13919
2.56363 8.62624
2.49073 10.0747
2.40694 11.4783
2.31265 12.8309
2.20834 14.1265
2.09452 15.3596
1.97173 16.5249
1.84054 17.6175
1.70157 18.6326
1.55545 19.566
1.40283 20.4137
1.24438 21.1724
1.0808 21.8387
0.912777 22.41
0.741033 22.884
0.566283 23.2586
0.38925 23.5324
0.210662 23.7044
0.0312502 23.7737
-0.148254 23.7401
-0.327118 23.6039
-0.504613 23.3656
-0.68001 23.0261
-0.852585 22.5869
-1.02162 22.0498
-1.18641 21.417
-1.34624 20.6912
-1.50044 19.8754
-1.64832 18.973
-1.78923 17.9879
-1.92254 16.9242
-2.04763 15.7864
-2.16392 14.5794
-2.27086 13.3085
-2.36795 11.9791
-2.4547 10.597
-2.53069 9.16828
-2.59554 7.69918
-2.64893 6.1962
-2.69058 4.66597
-2.72029 3.1153
-2.73789 1.55107
-2.74331 -0.0197643
-2.73651 -1.5902
-2.71754 -3.15325
-2.68648 -4.70196
-2.64352 -6.22946
-2.58886 -7.72897
-2.52279 -9.19389
-2.44565 -10.6178
-2.35781 -11.9944
-2.25973 -13.3177
-2.15188 -14.5819
-2.03477 -15.7818
-1.90896 -16.912
-1.77505 -17.9677
-1.63365 -18.9446
-1.48539 -19.8384
-1.33094 -20.6455
-1.17098 -21.3625
-1.00619 -21.9865
-0.837275 -22.5148
-0.66495 -22.9453
-0.489932 -23.2762
-0.312945 -23.5063
-0.134713 -23.6346
0.0440324 -23.6606
0.222564 -23.5842
0.400151 -23.4057
0.576069 -23.126
0.749593 -22.746
0.920004 -22.2676
1.08659 -21.6925
1.24865 -21.0233
1.40548 -20.2627
1.55642 -19.4139
1.70078 -18.4804
1.83794 -17.4663
1.96726 -16.3758
2.08815 -15.2136
2.20005 -13.9847
2.30242 -12.6943
2.39477 -11.3482
2.47664 -9.95212
2.54764 -8.51224
2.60741 -7.03489
2.65564 -5.52658
2.6921 -3.994
2.71659 -2.44395
2.72899 -0.883324
2.72924 0.680925
2.71735 2.24184
2.69336 3.79246
2.65742 5.32592
2.6097 6.83539
2.55045 8.31421
2.47998 9.75585
2.39864 11.154
2.30684 12.5025
2.20503 13.7955
2.0937 15.0274
1.9734 16.193
1.84467 17.2872
1.70813 18.3053
1.5644 19.2432
1.41412 20.0968
1.25795 20.8625
1.09657 21.5373
0.930692 22.1182
0.761002 22.603
0.588216 22.9897
0.413053 23.2766
0.236234 23.4627
0.0584853 23.5472
-0.119468 23.5297
-0.296898 23.4104
-0.47308 23.1897
-0.647291 22.8686
-0.818812 22.4485
-0.98693 21.931
-1.15094 21.3183
-1.31014 20.613
-1.46385 19.8181
-1.61139 18.9368
-1.75212 17.9728
-1.8854 16.9304
-2.01063 15.8139
-2.12721 14.628
-2.23461 13.378
-2.3323 12.0692
-2.41983 10.7073
-2.49674 9.29834
-2.56268 7.84839
-2.61729 6.36389
-2.66032 4.8514
-2.69153 3.31764
-2.71078 1.76942
-2.71796 0.21362
-2.71304 -1.34282
-2.69604 -2.89298
-2.66706 -4.42996
-2.62624 -5.94694
-2.5738 -7.43719
-2.51001 -8.89413
-2.43519 -10.3113
-2.34972 -11.6826
-2.25402 -13.002
-2.14856 -14.2637
-2.03385 -15.4623
-1.91043 -16.5926
-1.77888 -17.6499
-1.63982 -18.6296
-1.49385 -19.5277
-1.34165 -20.3403
-1.18388 -21.064
-1.02122 -21.696
-0.85436 -22.2335
-0.684014 -22.6743
-0.510891 -23.0168
-0.335708 -23.2594
-0.159186 -23.4012
0.0179526 -23.4417
0.194983 -23.3806
0.371182 -23.2184
0.545826 -22.9556
0.718199 -22.5934
0.887585 -22.1332
1.05328 -21.577
1.21457 -20.9271
1.37079 -20.1861
1.52124 -19.3573
1.66527 -18.4442
1.80224 -17.4504
1.93153 -16.3804
2.05254 -15.2386
2.16471 -14.0301
2.2675 -12.7599
2.36043 -11.4336
2.44304 -10.057
2.51493 -8.6361
2.57572 -7.1772
2.62513 -5.68671
2.6629 -4.17124
2.68884 -2.63752
2.70281 -1.09235
2.70475 0.457377
2.69465 2.00476
2.67256 3.54292
2.63859 5.06502
2.59294 6.56429
2.53582 8.03412
2.46753 9.46799
2.38842 10.8596
2.29889 12.2029
2.19936 13.4921
2.09033 14.7214
1.97233 15.8857
1.84589 16.9799
1.71162 17.9994
1.57013 18.9399
1.42206 19.7974
1.26805 20.5683
1.10879 21.2495
0.944956 21.838
0.777248 22.3316
0.606372 22.7281
0.433039 23.026
0.257965 23.224
0.0818688 23.3214
-0.0945273 23.3177
-0.270502 23.2131
-0.445335 23.008
-0.618309 22.7032
-0.788708 22.2999
-0.955825 21.8
-1.11896 21.2054
-1.27741 20.5187
-1.43051 19.7426
-1.57758 18.8806
-1.71797 17.9361
-1.85106 16.9133
-1.97623 15.8165
-2.09292 14.6504
-2.20056 13.4199
-2.29866 12.1305
-2.38673 10.7878
-2.46434 9.39753
-2.53111 7.96591
-2.58671 6.49922
-2.63086 5.00394
-2.66333 3.48671
-2.68395 1.95426
-2.69263 0.413411
-2.68932 -1.12898
-2.67404 -2.66604
-2.64687 -4.19093
-2.60795 -5.69688
-2.55749 -7.17722
-2.49574 -8.62539
-2.42301 -10.035
-2.33968 -11.3999
-2.24615 -12.7141
-2.14288 -13.972
-2.03037 -15.1679
-1.90916 -16.2969
-1.77981 -17.3541
-1.64293 -18.335
-1.49913 -19.2355
-1.34905 -20.0517
-1.19336 -20.7803
-1.03273 -21.4182
-0.867848 -21.9629
-0.699416 -22.412
-0.528138 -22.7638
-0.354725 -23.0168
-0.179891 -23.17
-0.00435558 -23.2228
0.171163 -23.175
0.345947 -23.0268
0.519279 -22.7789
0.690445 -22.4322
0.858735 -21.9882
1.02345 -21.4488
1.18388 -20.8163
1.33936 -20.0932
1.48921 -19.2825
1.63276 -18.3879
1.76939 -17.4129
1.89848 -16.3617
2.01942 -15.2389
2.13167 -14.0493
2.23469 -12.798
2.32799 -11.4904
2.41111 -10.1322
2.48364 -8.72948
2.54524 -7.28828
2.59558 -5.815
2.63441 -4.31617
2.66154 -2.79843
2.67683 -1.26853
2.6802 0.266708
2.67163 1.80046
2.65118 3.3259
2.61895 4.83625
2.57511 6.32478
2.51988 7.78493
2.45355 9.21024
2.37645 10.5944
2.28896 11.9315
2.19151 13.2155
2.08459 14.4409
1.9687 15.6025
1.84438 16.6953
1.71223 17.7145
1.57284 18.656
1.42684 19.5156
1.27488 20.2899
1.11762 20.9755
0.955749 21.5697
0.789951 22.07
0.620925 22.4743
0.449377 22.781
0.276017 22.9889
0.10156 23.0971
-0.0732785 23.1052
-0.247783 23.0132
-0.421238 22.8215
-0.592929 22.5308
-0.762148 22.1425
-0.92819 21.6581
-1.09036 21.0796
-1.24796 20.4095
-1.40033 19.6505
-1.54679 18.8059
-1.68671 17.8793
-1.81945 16.8745
-1.94441 15.7958
-2.06101 14.648
-2.16872 13.4358
-2.26701 12.1646
-2.35541 10.8399
-2.4335 9.46746
-2.50088 8.05335
-2.55722 6.60377
-2.60225 5.12515
-2.63572 3.62402
-2.65748 2.10707
-2.66741 0.581031
-2.66547 -0.947293
-2.65165 -2.4711
-2.62605 -3.98361
-2.58879 -5.4781
-2.54006 -6.94795
-2.48011 -8.38665
-2.40925 -9.78787
-2.32784 -11.1454
-2.23627 -12.4534
-2.135 -13.7062
-2.02451 -14.8982
-1.90533 -16.0244
-1.77802 -17.08
-1.64317 -18.0604
-1.50139 -18.9616
-1.35331 -19.7797
-1.19959 -20.5113
-1.0409 -21.1534
-0.877912 -21.7033
-0.711327 -22.1587
-0.54184 -22.5178
-0.370158 -22.7792
-0.19699 -22.9417
-0.0230471 -23.0048
0.150956 -22.9681
0.324306 -22.8319
0.49629 -22.5968
0.666201 -22.2636
0.833333 -21.8339
0.996987 -21.3093
1.15647 -20.6922
1.31111 -19.9851
1.46023 -19.1908
1.60318 -18.3129
1.73932 -17.355
1.86805 -16.3212
1.98876 -15.2159
2.10091 -14.0439
2.20396 -12.8102
2.29742 -11.5202
2.38084 -10.1795
2.45382 -8.79394
2.51597 -7.36968
2.56701 -5.91297
2.60667 -4.43027
2.63475 -2.92816
2.65111 -1.41331
2.65567 0.107537
2.6484 1.62761
2.62935 3.14013
2.59861 4.63839
2.55635 6.11572
2.50278 7.56559
2.43817 8.98159
2.36285 10.3575
2.2772 11.6872
2.18164 12.9651
2.07663 14.1854
1.96267 15.343
1.84031 16.4329
1.71012 17.4503
1.57268 18.3911
1.42863 19.2512
1.27859 20.0271
1.12324 20.7154
0.963243 21.3133
0.799278 21.8184
0.632041 22.2286
0.462231 22.5422
0.290553 22.7579
0.117716 22.8749
-0.0555708 22.8927
-0.228595 22.8113
-0.400648 22.631
-0.57102 22.3525
-0.739006 21.9771
-0.903908 21.5063
-1.06503 20.942
-1.2217 20.2867
-1.37323 19.543
-1.51896 18.7142
-1.65826 17.8037
-1.79051 16.8153
-1.9151 15.7533
-2.03145 14.6223
-2.13903 13.4271
-2.23733 12.173
-2.32586 10.8652
-2.40421 9.50966
-2.47199 8.11222
-2.52886 6.67905
-2.57453 5.2165
-2.60878 3.73104
-2.63144 2.22927
-2.64238 0.717868
-2.64156 -0.796431
-2.62897 -2.30689
-2.6047 -3.80678
-2.56886 -5.28944
-2.52163 -6.7483
-2.46327 -8.17689
-2.39406 -9.56892
-2.31436 -10.9183
-2.22455 -12.219
-2.12508 -13.4656
-2.01642 -14.6525
-1.8991 -15.7746
-1.77367 -16.8271
-1.6407 -17.8056
-1.5008 -18.7059
-1.3546 -19.5242
-1.20275 -20.2571
-1.04589 -20.9015
-0.88472 -21.4548
-0.719911 -21.9146
-0.552161 -22.2792
-0.382168 -22.5469
-0.210637 -22.7168
-0.0382734 -22.7881
0.134213 -22.7606
0.306115 -22.6344
0.476724 -22.4101
0.645338 -22.0885
0.811255 -21.6711
0.973783 -21.1595
1.13223 -20.556
1.28593 -19.863
1.43422 -19.0835
1.57644 -18.2207
1.71196 -17.2783
1.84018 -16.2603
1.9605 -15.1711
2.07238 -14.0154
2.17529 -12.798
2.26872 -11.5245
2.35224 -10.2002
2.42544 -8.83097
2.48795 -7.42286
2.53947 -5.98208
2.57973 -4.515
2.60853 -3.02812
2.62573 -1.52805
2.63124 -0.0214835
2.62504 1.48489
2.60715 2.98435
2.57767 4.47025
2.53676 5.93596
2.48462 7.37502
2.42152 8.78104
2.34778 10.1478
2.26377 11.4694
2.16989 12.74
2.0666 13.9541
1.95441 15.1065
1.83384 16.1921
1.70545 17.2064
1.56983 18.1451
1.42759 19.0041
1.27937 19.7798
1.12582 20.4691
0.9676 21.069
0.805391 21.5771
0.63988 21.9913
0.471758 22.3099
0.301726 22.5315
0.130486 22.6554
-0.0412569 22.6809
-0.212797 22.6081
-0.383428 22.4373
-0.552447 22.1691
-0.719155 21.8047
-0.882857 21.3456
-1.04286 20.7937
-1.1985 20.1514
-1.34909 19.4213
-1.49399 18.6065
-1.63256 17.7105
-1.76417 16.7371
-1.88824 15.6903
-2.00418 14.5748
-2.11147 13.3954
-2.20959 12.157
-2.29807 10.8652
-2.37649 9.52556
-2.44445 8.14395
-2.50163 6.72648
-2.54774 5.27941
-2.58254 3.80915
-2.60586 2.32223
-2.61759 0.825265
-2.61766 -0.67508
-2.60608 -2.17213
-2.5829 -3.65921
-2.54826 -5.12972
-2.50232 -6.57714
-2.44532 -7.99505
-2.37755 -9.37721
-2.29935 -10.7175
-2.2111 -12.0101
-2.11325 -13.2494
-2.00625 -14.43
-1.89063 -15.5468
-1.76691 -16.595
-1.63568 -17.5701
-1.49753 -18.468
-1.35309 -19.2849
-1.20298 -20.0174
-1.04787 -20.6625
-0.888428 -21.2174
-0.725326 -21.6798
-0.559254 -22.048
-0.390907 -22.3203
-0.220982 -22.4956
-0.0501815 -22.5733
0.120792 -22.5531
0.291235 -22.435
0.460447 -22.2196
0.627726 -21.9077
0.79238 -21.5008
0.953718 -21.0004
1.11106 -20.4087
1.26373 -19.7281
1.41108 -18.9615
1.55245 -18.1122
1.68723 -17.1838
1.8148 -16.1802
1.93459 -15.1057
2.04604 -13.9649
2.14862 -12.7628
2.24185 -11.5046
2.32529 -10.1957
2.39851 -8.84194
2.46118 -7.44922
2.51296 -6.02371
2.55361 -4.57171
2.58291 -3.09966
2.60073 -1.61411
2.60697 -0.121661
2.6016 1.37104
2.58465 2.85734
2.55621 4.33063
2.51643 5.78438
2.46551 7.21213
2.40372 8.60757
2.33135 9.96456
2.24877 11.2771
2.15639 12.5396
2.05465 13.7464
1.94405 14.8923
1.8251 15.9725
1.69836 16.9823
1.56442 17.9173
1.42387 18.7737
1.27735 19.5478
1.1255 20.2364
0.968973 20.8367
0.808444 21.346
0.644594 21.7624
0.478109 22.0842
0.309685 22.3099
0.140017 22.4388
-0.0301934 22.4703
-0.200246 22.4042
-0.369442 22.241
-0.537081 21.9812
-0.702469 21.626
-0.864917 21.1768
-1.02374 20.6355
-1.17827 20.0045
-1.32784 19.2863
-1.47179 18.484
-1.6095 17.6009
-1.74036 16.6409
-1.86376 15.608
-1.97915 14.5067
-2.08598 13.3417
-2.18375 12.1181
-2.272 10.8412
-2.35029 9.51649
-2.41825 8.1499
-2.47554 6.74741
-2.52187 5.31523
-2.55701 3.8597
-2.58079 2.38728
-2.59308 0.904525
-2.59383 -0.581967
-2.58303 -2.06558
-2.56073 -3.5397
-2.52707 -4.99779
-2.4822 -6.43337
-2.42635 -7.84008
-2.35982 -9.21172
-2.28293 -10.5423
-2.19606 -11.8259
-2.09964 -13.0569
-1.99413 -14.2301
-1.88003 -15.3404
-1.75788 -16.3829
-1.62825 -17.3533
-1.49172 -18.2475
-1.34891 -19.0615
-1.20045 -19.7921
-1.04698 -20.4362
-0.889185 -20.991
-0.727719 -21.4544
-0.563269 -21.8244
-0.396522 -22.0994
-0.228172 -22.2784
-0.0589142 -22.3607
0.110553 -22.3459
0.279531 -22.2341
0.447324 -22.0258
0.613238 -21.7219
0.776582 -21.3236
0.936672 -20.8326
1.09283 -20.251
1.2444 -19.5812
1.39071 -18.826
1.53113 -17.9887
1.66505 -17.0727
1.79184 -16.082
1.91095 -15.0209
2.02181 -13.8938
2.12392 -12.7057
2.21678 -11.4618
2.29994 -10.1674
2.37301 -8.82816
2.43563 -7.45008
2.48748 -6.03919
2.52831 -4.60174
2.55791 -3.1441
2.57613 -1.67276
2.58289 -0.194265
2.57814 1.28481
2.56192 2.75787
2.53431 4.21837
2.49545 5.65982
2.44554 7.07584
2.38484 8.46015
2.31364 9.80665
2.23231 11.1095
2.14125 12.3628
2.04088 13.5614
1.93171 14.6998
1.81423 15.7734
1.68901 16.7773
1.5566 17.7074
1.41762 18.5598
1.27269 19.3308
1.12243 20.0172
0.967506 20.6161
0.808581 21.1251
0.646328 21.542
0.481429 21.8652
0.314573 22.0933
0.146451 22.2254
-0.0222408 22.261
-0.190808 22.2
-0.358556 22.0425
-0.524791 21.7894
-0.688823 21.4416
-0.849968 21.0006
-1.00755 20.4683
-1.16089 19.8469
-1.30935 19.1389
-1.45226 18.3475
-1.58901 17.4759
-1.71898 16.5279
-1.84159 15.5075
-1.95628 14.4191
-2.0625 13.2674
-2.15977 12.0574
-2.24761 10.7943
-2.32561 9.48371
-2.39337 8.13133
-2.45058 6.74313
-2.49694 5.32525
-2.53222 3.88397
-2.55624 2.42569
-2.56889 0.956905
-2.5701 -0.515853
-2.55987 -1.98603
-2.53825 -3.44707
-2.50535 -4.89249
-2.46135 -6.31587
-2.40647 -7.71091
-2.34097 -9.07145
-2.2652 -10.3915
-2.17952 -11.6653
-2.08435 -12.8872
-1.98016 -14.0521
-1.86743 -15.1547
-1.7467 -16.1905
-1.61853 -17.1549
-1.48349 -18.0438
-1.3422 -18.8536
-1.19528 -19.5808
-1.04337 -20.2224
-0.887133 -20.7756
-0.727233 -21.2382
-0.564346 -21.6084
-0.399154 -21.8845
-0.232345 -22.0655
-0.0646099 -22.1506
0.103359 -22.1394
0.270869 -22.0322
0.437227 -21.8293
0.601746 -21.5315
0.763739 -21.1402
0.922529 -20.657
1.07744 -20.0838
1.22782 -19.4232
1.37301 -18.6778
1.51238 -17.8509
1.64532 -16.946
1.77122 -15.9669
1.88951 -14.9178
1.99965 -13.8032
2.10112 -12.628
2.19344 -11.3972
2.27617 -10.1163
2.34891 -8.79086
2.4113 -7.42666
2.46303 -6.02975
2.50384 -4.60632
2.53353 -3.16268
2.55196 -1.70526
2.55903 -0.240524
2.5547 1.22499
2.539 2.68477
2.51201 4.13231
2.47387 5.56119
2.42477 6.96506
2.36497 8.33773
2.29477 9.67313
2.2145 10.9654
2.12457 12.2089
2.02541 13.3982
1.9175 14.5282
1.80135 15.594
1.67749 16.5909
1.5465 17.5149
1.40896 18.3618
1.2655 19.1283
1.11674 19.811
0.963337 20.4071
0.805939 20.9141
0.64522 21.33
0.481855 21.653
0.316528 21.8818
0.149925 22.0155
-0.0172639 22.0535
-0.184349 21.9957
-0.35064 21.8424
-0.515449 21.5942
-0.678092 21.2521
-0.837888 20.8177
-0.994165 20.2926
-1.14626 19.6792
-1.29352 18.9801
-1.4353 18.198
-1.57098 17.3365
-1.69996 16.3991
-1.82165 15.3899
-1.9355 14.3131
-2.04098 13.1735
-2.13758 11.976
-2.22486 10.7258
-2.30238 9.4284
-2.36978 8.08944
-2.42672 6.71483
-2.47292 5.31067
-2.50814 3.88318
-2.53222 2.43868
-2.54503 0.98362
-2.5465 -0.475538
-2.53664 -1.93229
-2.5155 -3.38016
-2.48317 -4.8127
-2.43984 -6.22356
-2.38572 -7.60649
-2.32108 -8.95539
-2.24624 -10.2643
-2.16158 -11.5275
-2.0675 -12.7395
-1.96446 -13.895
-1.85295 -14.989
-1.7335 -16.0168
-1.60664 -16.974
-1.47297 -17.8566
-1.33309 -18.6607
-1.1876 -19.3831
-1.03716 -20.0207
-0.882405 -20.5708
-0.724002 -21.0311
-0.562621 -21.3999
-0.398938 -21.6754
-0.233637 -21.8567
-0.0674023 -21.943
0.0990782 -21.9339
0.265117 -21.8295
0.430027 -21.6303
0.593124 -21.3371
0.75373 -20.9511
0.911169 -20.474
1.06478 -19.9077
1.21389 -19.2547
1.35788 -18.5177
1.49611 -17.6998
1.62796 -16.8045
1.75284 -15.8356
1.87019 -14.7973
1.97947 -13.6941
2.08017 -12.5306
2.1718 -11.3121
2.25393 -10.0438
2.32616 -8.73118
2.38815 -7.38013
2.43957 -5.99658
2.48019 -4.58665
2.50979 -3.1566
2.52822 -1.71279
2.5354 -0.261625
2.53129 1.19042
2.51592 2.63687
2.48936 4.07131
2.45175 5.48735
2.40328 6.87873
2.34419 8.23928
2.27479 9.563
2.19541 10.8441
2.10645 12.0769
2.00834 13.2562
1.90154 14.3767
1.78656 15.4336
1.66393 16.4224
1.53422 17.339
1.39802 18.1793
1.25592 18.9399
1.10857 19.6175
0.956594 20.2093
0.80065 20.7129
0.641401 21.1261
0.47952 21.4474
0.315682 21.6753
0.15057 21.8089
-0.0151316 21.8477
-0.180739 21.7916
-0.345566 21.6407
-0.50893 21.3958
-0.670152 21.0579
-0.828558 20.6284
-0.983479 20.1092
-1.13426 19.5023
-1.28025 18.8103
-1.42081 18.0362
-1.55533 17.1833
-1.6832 16.2552
-1.80386 15.2559
-1.91674 14.1896
-2.02133 13.0611
-2.11713 11.8751
-2.20368 10.6368
-2.28058 9.35166
-2.34744 8.02534
-2.40394 6.66367
-2.4498 5.27267
-2.48478 3.85849
-2.50872 2.42743
-2.5215 0.985838
-2.52305 -0.459857
-2.51337 -1.90322
-2.49251 -3.33783
-2.46057 -4.75731
-2.41772 -6.15535
-2.36417 -7.52576
-2.30021 -8.8625
-2.22613 -10.1597
-2.14231 -11.4116
-2.04916 -12.6128
-1.94713 -13.7581
-1.83669 -14.8424
-1.71837 -15.8612
-1.59271 -16.8101
-1.46029 -17.6851
-1.32169 -18.4823
-1.17755 -19.1986
-1.02848 -19.8308
-0.875126 -20.3763
-0.718153 -20.8329
-0.558221 -21.1987
-0.396004 -21.4721
-0.232177 -21.6521
-0.0674209 -21.738
0.0975816 -21.7293
0.262148 -21.6263
0.425597 -21.4292
0.58725 -21.1389
0.746432 -20.7567
0.902474 -20.2842
1.05472 -19.7233
1.20251 -19.0764
1.34521 -18.3463
1.4822 -17.536
1.61286 -16.649
1.73663 -15.6891
1.85292 -14.6604
1.9612 -13.5673
2.06098 -12.4146
2.15178 -11.2073
2.23316 -9.95069
2.30473 -8.65021
2.36614 -7.31161
2.41709 -5.94081
2.45733 -4.54387
2.48665 -3.127
2.50491 -1.6965
2.51202 -0.258715
2.50795 1.17993
2.49271 2.61305
2.46639 4.03425
2.42912 5.43723
2.38109 6.81577
2.32255 8.16376
2.25378 9.47526
2.17512 10.7445
2.08697 11.9659
1.98974 13.1343
1.8839 14.2444
1.76996 15.2915
1.64843 16.2712
1.51988 17.1791
1.3849 18.0116
1.24407 18.765
1.09802 19.4362
0.947397 20.0224
0.792835 20.5211
0.634997 20.9303
0.474549 21.2482
0.312163 21.4737
0.148514 21.6057
-0.0157167 21.6437
-0.179851 21.5877
-0.343208 21.4378
-0.50511 21.1947
-0.664883 20.8594
-0.821858 20.4333
-0.975373 19.9183
-1.12477 19.3164
-1.26942 18.6303
-1.40868 17.8628
-1.54194 17.0172
-1.66861 16.0971
-1.78812 15.1065
-1.89992 14.0496
-2.00349 12.9309
-2.09834 11.7554
-2.18403 10.5281
-2.26014 9.25451
-2.3263 7.94011
-2.3822 6.59073
-2.42754 5.21233
-2.46212 3.81103
-2.48574 2.39304
-2.49831 0.964687
-2.49975 -0.467685
-2.49007 -1.89769
-2.4693 -3.31897
-2.43757 -4.72521
-2.39502 -6.11015
-2.34188 -7.46767
-2.27841 -8.79177
-2.20493 -10.0766
-2.1218 -11.3166
-2.02942 -12.5063
-1.92823 -13.6404
-1.81872 -14.7143
-1.70141 -15.7231
-1.57682 -16.6625
-1.44553 -17.5287
-1.30812 -18.3178
-1.16522 -19.0266
-1.01744 -19.6521
-0.865414 -20.1917
-0.709806 -20.6431
-0.551271 -21.0045
-0.390474 -21.2744
-0.228089 -21.4517
-0.0647905 -21.5356
0.0987446 -21.5259
0.261839 -21.4225
0.423815 -21.226
0.584001 -20.9372
0.741726 -20.5573
0.896328 -20.0879
1.04715 -19.5309
1.19355 -18.8888
1.33489 -18.1642
1.47055 -17.3602
1.59994 -16.4802
1.72248 -15.5281
1.83759 -14.5078
1.94477 -13.4239
2.0435 -12.2809
2.13332 -11.0839
2.2138 -9.8381
2.28455 -8.54894
2.34523 -7.22212
2.39554 -5.86348
2.43523 -4.47906
2.46411 -3.07498
2.48202 -1.65749
2.48888 -0.232903
2.48467 1.19244
2.46939 2.6122
2.44313 4.02005
2.40603 5.40975
2.35827 6.77512
2.30009 8.11013
2.23178 9.40889
2.15369 10.6657
2.06619 11.875
1.9697 13.0317
1.86468 14.1305
1.75164 15.1669
1.63109 16.1363
1.50358 17.0346
1.3697 17.8581
1.23004 18.6031
1.08522 19.2666
0.93586 19.8458
0.782612 20.3383
0.626126 20.742
0.467063 21.0553
0.306091 21.2768
0.14388 21.4058
-0.0188965 21.4416
-0.181562 21.3842
-0.343443 21.2337
-0.503867 20.9909
-0.662165 20.6567
-0.817672 20.2326
-0.969732 19.7204
-1.1177 19.1222
-1.26093 18.4405
-1.39881 17.6783
-1.53073 16.8387
-1.6561 15.9255
-1.77435 14.9423
-1.88494 13.8937
-1.98737 12.7839
-2.08115 11.618
-2.16583 10.4008
-2.24101 9.13792
-2.30632 7.83473
-2.36145 6.49701
-2.40612 5.1307
-2.44011 3.74184
-2.46326 2.33661
-2.47544 0.921251
-2.4766 -0.497931
-2.46674 -1.91462
-2.4459 -3.32251
-2.41419 -4.71533
-2.37178 -6.08692
-2.31887 -7.43119
-2.25574 -8.7422
-2.18269 -10.0142
-2.10009 -11.2415
-2.00833 -12.419
-1.90786 -13.5413
-1.79914 -14.6036
-1.6827 -15.6014
-1.55906 -16.5305
-1.42879 -17.3867
-1.29248 -18.1666
-1.15072 -18.8668
-1.00415 -19.4843
-0.853383 -20.0166
-0.699077 -20.4615
-0.541886 -20.8172
-0.382469 -21.0821
-0.221494 -21.2552
-0.059632 -21.3357
0.102446 -21.3234
0.264067 -21.2184
0.42456 -21.0211
0.583258 -20.7322
0.739494 -20.3532
0.892613 -19.8854
1.04196 -19.331
1.18691 -18.6923
1.32682 -17.9719
1.46108 -17.1729
1.58909 -16.2988
1.7103 -15.3533
1.82413 -14.3404
1.93007 -13.2645
2.02763 -12.1303
2.11634 -10.9427
2.19579 -9.70689
2.26558 -8.42834
2.32537 -7.11264
2.37489 -5.76562
2.41387 -4.39323
2.44213 -3.00157
2.45953 -1.59683
2.46597 -0.185256
2.46144 1.22687
2.44595 2.63325
2.41959 4.02764
2.38248 5.40384
2.33482 6.75575
2.27685 8.07738
2.20885 9.36291
2.13116 10.6067
2.04416 11.8033
1.94827 12.9474
1.84395 14.0342
1.73167 15.0589
1.61198 16.0171
1.4854 16.9048
1.35253 17.7181
1.21394 18.4536
1.07025 19.1082
0.92209 19.6792
0.77009 20.1641
0.614901 20.561
0.457178 20.8682
0.297584 21.0845
0.136784 21.209
-0.0245518 21.2412
-0.185754 21.1809
-0.346154 21.0285
-0.505083 20.7845
-0.661878 20.4501
-0.815881 20.0266
-0.96644 19.5158
-1.11291 18.9199
-1.25467 18.2414
-1.39109 17.4832
-1.52158 16.6485
-1.64555 15.7408
-1.76244 14.7642
-1.87173 13.7227
-1.97289 12.6209
-2.06546 11.4636
-2.149 10.2558
-2.22311 9.00278
-2.28743 7.71012
-2.34165 6.3835
-2.38549 5.02878
-2.41874 3.65196
-2.44124 2.25916
-2.45288 0.856578
-2.45359 -0.549542
-2.44338 -1.95294
-2.4223 -3.34737
-2.39045 -4.72663
-2.34801 -6.0846
-2.29518 -7.41527
-2.23223 -8.71275
-2.15946 -9.97134
-2.07724 -11.1855
-1.98596 -12.3499
-1.88606 -13.4596
-1.77802 -14.5097
-1.66233 -15.4956
-1.53953 -16.4132
-1.41018 -17.2585
-1.27486 -18.028
-1.13416 -18.7184
-0.988712 -19.3267
-0.839136 -19.8506
-0.686074 -20.2877
-0.530177 -20.6362
-0.372101 -20.8948
-0.212507 -21.0623
-0.052062 -21.1381
0.108568 -21.1219
0.268716 -21.0138
0.427715 -20.8142
0.584903 -20.524
0.73962 -20.1445
0.891215 -19.6771
1.03904 -19.1239
1.18247 -18.4873
1.32088 -17.7699
1.45365 -16.9747
1.58022 -16.1053
1.69999 -15.1652
1.81244 -14.1586
1.91704 -13.0898
2.0133 -11.9635
2.10078 -10.7844
2.17905 -9.55792
2.24773 -8.28927
2.30651 -6.9841
2.35507 -5.64816
2.39319 -4.28738
2.42068 -2.90779
2.4374 -1.51554
2.44327 -0.116808
2.43826 1.28217
2.4224 2.67516
2.39577 4.05598
2.3585 5.41848
2.31079 6.75662
2.25287 8.06449
2.18502 9.33632
2.1076 10.5665
2.02096 11.7497
1.92553 12.8807
1.82176 13.9546
1.71014 14.9668
1.59118 15.9129
1.46543 16.7888
1.33346 17.5909
1.19586 18.3158
1.05323 18.9603
0.906189 19.5219
0.755375 19.998
0.601429 20.3869
0.445003 20.6867
0.286753 20.8964
0.127342 21.0151
-0.0325675 21.0423
-0.19231 20.9778
-0.351222 20.8221
-0.508641 20.5756
-0.663908 20.2396
-0.816372 19.8154
-0.965385 19.3048
-1.11031 18.7099
-1.25053 18.0334
-1.38542 17.2779
-1.51439 16.4469
-1.63688 15.5438
-1.75231 14.5725
-1.86018 13.5373
-1.95997 12.4425
-2.05121 11.2929
-2.13349 10.0937
-2.20639 8.84993
-2.26958 7.56718
-2.32273 6.2511
-2.36559 4.9075
-2.39796 3.54234
-2.41965 2.16168
-2.43059 0.771674
-2.43069 -0.621496
-2.41998 -2.01163
-2.3985 -3.39253
-2.36636 -4.75807
-2.32373 -6.10218
-2.27083 -7.41891
-2.2079 -8.70244
-2.13528 -9.94713
-2.0533 -11.1475
-1.96237 -12.2983
-1.86291 -13.3946
-1.75541 -14.4315
-1.64036 -15.4047
-1.5183 -16.3099
-1.38976 -17.1433
-1.25534 -17.9013
-1.11562 -18.5808
-0.971228 -19.1788
-0.822775 -19.693
-0.670901 -20.121
-0.516252 -20.4612
-0.359479 -20.7122
-0.201239 -20.8729
-0.0421931 -20.9426
0.116997 -20.9212
0.27567 -20.8087
0.433163 -20.6055
0.588821 -20.3127
0.741989 -19.9313
0.89202 -19.463
1.03828 -18.9098
1.18013 -18.2741
1.31697 -17.5584
1.44819 -16.766
1.5732 -15.9001
1.69146 -14.9645
1.80242 -13.9633
1.90556 -12.9006
2.00042 -11.7812
2.08654 -10.61
2.16351 -9.39197
2.23096 -8.13259
2.28857 -6.83736
2.33604 -5.51202
2.37316 -4.16243
2.39973 -2.7946
2.41562 -1.41459
2.42076 -0.0285571
2.41511 1.35733
2.39872 2.73691
2.37167 4.10403
2.33409 5.45263
2.28617 6.77672
2.22815 8.07046
2.16033 9.32813
2.08302 10.5442
1.99661 11.7134
1.90151 12.8305
1.79818 13.8908
1.68709 14.8896
1.56877 15.8226
1.44375 16.686
1.31259 17.4759
1.17589 18.189
1.03423 18.8224
0.888251 19.3733
0.738564 19.8396
0.585812 20.2191
0.430643 20.5104
0.273708 20.7122
0.115663 20.8238
-0.0428317 20.8447
-0.201117 20.7748
-0.358535 20.6144
-0.514427 20.3642
-0.668141 20.0253
-0.819029 19.5991
-0.966452 19.0874
-1.10978 18.4924
-1.24839 17.8166
-1.38168 17.0629
-1.50907 16.2345
-1.62998 15.3349
-1.74386 14.368
-1.8502 13.338
-1.94851 12.2494
-2.03831 11.1068
-2.11919 9.91532
-2.19077 8.68016
-2.25268 7.40673
-2.30464 6.10068
-2.34638 4.76776
-2.37771 3.41391
-2.39846 2.04513
-2.40854 0.667513
-2.40789 -0.712804
-2.39652 -2.08968
-2.37449 -3.45698
-2.34192 -4.80863
-2.29896 -6.13863
-2.24583 -7.4411
-2.18279 -8.71027
-2.11017 -9.94056
-2.0283 -11.1266
-1.93758 -12.2631
-1.83846 -13.3453
-1.73139 -14.3683
-1.61687 -15.3279
-1.49543 -16.2198
-1.36762 -17.0403
-1.23401 -17.7859
-1.0952 -18.4534
-0.951784 -19.04
-0.804393 -19.5433
-0.653655 -19.9611
-0.500211 -20.2918
-0.344707 -20.5339
-0.187797 -20.6865
-0.0301345 -20.749
0.127622 -20.721
0.284816 -20.6028
0.440793 -20.3949
0.594899 -20.0981
0.746486 -19.7137
0.894915 -19.2433
1.03955 -18.6889
1.17978 -18.0529
1.31498 -17.3379
1.44456 -16.5471
1.56796 -15.6838
1.6846 -14.7516
1.79398 -13.7547
1.89557 -12.6974
1.9889 -11.5842
2.07355 -10.4199
2.14909 -9.20979
2.21518 -7.95906
2.27149 -6.67325
2.31774 -5.35805
2.3537 -4.01928
2.37921 -2.6629
2.39413 -1.29493
2.39839 0.078532
2.39197 1.45138
2.37491 2.8175
2.34729 4.1708
2.30925 5.5053
2.26098 6.81505
2.20273 8.09428
2.13478 9.33734
2.05746 10.5388
1.97116 11.6933
1.87627 12.7959
1.77326 13.8418
1.6626 14.8265
1.54481 15.7456
1.42042 16.5954
1.28999 17.3722
1.1541 18.0726
1.01336 18.6937
0.868366 19.233
0.719752 19.6881
0.568149 20.0572
0.4142 20.3387
0.258551 20.5315
0.101854 20.6348
-0.0552363 20.6482
-0.212066 20.5716
-0.36798 20.4053
-0.522328 20.1502
-0.674463 19.8072
-0.823741 19.3778
-0.96953 18.8639
-1.11121 18.2676
-1.24815 17.5915
-1.37978 16.8384
-1.50549 16.0115
-1.62474 15.1144
-1.73698 14.151
-1.8417 13.1254
-1.93842 12.0421
-2.02667 10.9058
-2.10604 9.72142
-2.17616 8.49421
-2.23668 7.22955
-2.28731 5.93305
-2.3278 4.61043
-2.35795 3.26756
-2.37762 1.91042
-2.3867 0.545034
-2.38515 -0.822507
-2.37299 -2.18612
-2.35027 -3.53973
-2.31711 -4.87733
-2.27367 -6.19298
-2.22019 -7.48085
-2.15691 -8.73526
-2.08415 -9.95067
-2.00227 -11.1218
-1.91165 -12.2434
-1.81274 -13.3108
-1.70599 -14.3192
-1.5919 -15.2643
-1.47099 -16.1421
-1.34382 -16.9487
-1.21094 -17.6809
-1.07296 -18.3354
-0.930464 -18.9095
-0.784079 -19.4009
-0.63443 -19.8074
-0.482151 -20.1274
-0.327887 -20.3595
-0.172283 -20.5029
-0.0159918 -20.5568
0.140336 -20.5212
0.296047 -20.3961
0.450493 -20.1822
0.603025 -19.8803
0.753002 -19.4916
0.899788 -19.018
1.04276 -18.4613
1.1813 -17.8239
1.3148 -17.1086
1.44268 -16.3183
1.56437 -15.4566
1.67932 -14.527
1.78701 -13.5336
1.88695 -12.4807
1.97866 -11.3729
2.06171 -10.215
2.13572 -9.01208
2.20032 -7.76944
2.2552 -6.49255
2.30009 -5.18707
2.33478 -3.85879
2.35909 -2.5136
2.3729 -1.15748
2.37614 0.203524
2.3688 1.56336
2.35093 2.91596
2.3226 4.25532
2.28397 5.5755
2.23522 6.87062
2.1766 8.13498
2.1084 9.363
2.03095 10.5493
1.94463 11.6886
1.84984 12.776
1.74704 13.8068
1.63671 14.7766
1.51935 15.681
1.3955 16.5164
1.26572 17.279
1.13058 17.9657
0.990675 18.5737
0.846618 19.1002
0.699027 19.5431
0.548532 19.9007
0.395769 20.1713
0.241382 20.3539
0.0860172 20.4477
-0.069676 20.4524
-0.225048 20.3679
-0.37945 20.1947
-0.532236 19.9334
-0.682764 19.5852
-0.830398 19.1516
-0.974509 18.6343
-1.11448 18.0356
-1.24971 17.3581
-1.37959 16.6046
-1.50357 15.7783
-1.62108 14.8829
-1.73158 13.9221
-1.83459 12.9001
-1.92961 11.8213
-2.0162 10.6905
-2.09395 9.5126
-2.1625 8.29277
-2.2215 7.03639
-2.27068 5.749
-2.30978 4.43631
-2.33863 3.10414
-2.35707 1.75843
-2.36502 0.405145
-2.36244 -0.949675
-2.34934 -2.3
-2.3258 -3.63983
-2.29192 -4.96319
-2.24788 -6.26423
-2.19391 -7.53718
-2.13026 -8.77642
-2.05725 -9.97649
-1.97524 -11.1321
-1.88461 -12.2383
-1.78579 -13.2902
-1.67926 -14.2832
-1.5655 -15.2131
-1.44504 -16.0758
-1.31842 -16.8678
-1.18621 -17.5856
-1.04898 -18.2261
-0.907351 -18.7868
-0.76192 -19.2652
-0.613315 -19.6593
-0.462166 -19.9675
-0.309114 -20.1885
-0.154799 -20.3215
0.000132564 -20.3658
0.155033 -20.3213
0.309255 -20.1883
0.462155 -19.9672
0.61309 -19.659
0.761425 -19.2651
0.90653 -18.7871
1.04778 -18.2271
1.18458 -17.5873
1.31632 -16.8706
1.44243 -16.08
1.56233 -15.2189
1.67551 -14.291
1.78143 -13.3003
1.87961 -12.2511
1.96959 -11.148
2.05095 -9.99575
2.12331 -8.79947
2.1863 -7.56441
2.23963 -6.296
2.28305 -4.99987
2.31632 -3.68176
2.3393 -2.34753
2.35187 -1.00311
2.35397 0.345513
2.34558 1.69233
2.32676 3.03136
2.2976 4.35663
2.25824 5.66226
2.20888 6.94247
2.14978 8.19159
2.08121 9.40412
2.00351 10.5747
1.91705 11.6983
1.82226 12.7699
1.71957 13.7849
1.60947 14.739
1.49245 15.6279
1.36906 16.448
1.23985 17.1957
1.10539 17.8677
0.966264 18.4614
0.823089 18.9742
0.676476 19.404
0.52705 19.7489
0.375445 20.0075
0.222298 20.1788
0.0682522 20.2621
-0.0860487 20.257
-0.23996 20.1635
-0.392838 19.9822
-0.544042 19.7137
-0.692935 19.3592
-0.838888 18.9202
-0.981279 18.3986
-1.1195 17.7966
-1.25294 17.1167
-1.38102 16.3618
-1.50318 15.5353
-1.61887 14.6405
-1.72756 13.6815
-1.82875 12.6623
-1.92198 11.5874
-2.00681 10.4615
-2.08283 9.28948
-2.14969 8.07651
-2.20706 6.82793
-2.25466 5.54927
-2.29226 4.24619
-2.31967 2.92448
-2.33677 1.59001
-2.34346 0.248727
-2.33972 -1.0934
-2.32556 -2.4304
-2.30106 -3.75632
-2.26634 -5.06526
-2.22158 -6.35143
-2.16699 -7.60913
-2.10286 -8.8328
-2.02948 -10.0171
-1.94722 -11.1567
-1.85647 -12.2468
-1.75766 -13.2825
-1.65125 -14.2595
-1.53774 -15.1734
-1.41764 -16.0203
-1.2915 -16.7967
-1.15987 -17.4992
-1.02335 -18.1249
-0.882519 -18.6711
-0.737995 -19.1355
-0.590395 -19.5162
-0.440346 -19.8115
-0.288481 -20.0204
-0.135439 -20.1419
0.0181391 -20.1755
0.171611 -20.1211
0.324336 -19.979
0.475674 -19.7497
0.624988 -19.4343
0.771648 -19.0341
0.915031 -18.5507
1.05452 -17.9863
1.18952 -17.3432
1.31944 -16.6241
1.4437 -15.8323
1.56175 -14.971
1.67306 -14.0439
1.77712 -13.0552
1.87346 -12.009
1.96161 -10.9099
2.04117 -9.76276
2.11176 -8.5726
2.17304 -7.34464
2.22471 -6.08431
2.26652 -4.79719
2.29827 -3.48899
2.3198 -2.16553
2.331 -0.832677
2.33182 0.503618
2.32226 1.83741
2.30237 3.16276
2.27225 4.47378
2.23204 5.76464
2.18196 7.02962
2.12225 8.26314
2.05319 9.45975
1.97514 10.6142
1.88845 11.7214
1.79355 12.7766
1.69088 13.7752
1.58091 14.7129
1.46416 15.5855
1.34115 16.3895
1.21244 17.1213
1.07859 17.7778
0.940197 18.3564
0.797855 18.8545
0.652179 19.27
0.50379 19.6013
0.353317 19.8469
0.201393 20.0059
0.0486557 20.0775
-0.104255 20.0616
-0.256699 19.9582
-0.408039 19.7677
-0.55764 19.4909
-0.70487 19.1291
-0.849106 18.6838
-0.989731 18.1568
-1.12614 17.5504
-1.25774 16.8673
-1.38396 16.1102
-1.50423 15.2825
-1.61802 14.3877
-1.72481 13.4297
-1.8241 12.4127
-1.91544 11.341
-1.99841 10.2193
-2.0726 9.05263
-2.13766 7.84604
-2.19328 6.60485
-2.23919 5.33457
-2.27517 4.04083
-2.30103 2.72936
-2.31666 1.406
-2.32197 0.0766357
-2.31694 -1.25281
-2.3016 -2.57641
-2.27602 -3.88829
-2.24034 -5.18261
-2.19474 -6.45363
-2.13943 -7.69574
-2.07469 -8.90344
-2.00084 -10.0714
-1.91824 -11.1946
-1.82727 -12.268
-1.72836 -13.2869
-1.62199 -14.2471
-1.50864 -15.1443
-1.38883 -15.9746
-1.26309 -16.7346
-1.13199 -17.421
-0.996113 -18.0309
-0.856041 -18.5617
-0.712383 -19.0111
-0.565753 -19.3774
-0.416776 -19.659
-0.26608 -19.8547
-0.114299 -19.9637
0.0379309 -19.9856
0.189972 -19.9203
0.341188 -19.768
0.490944 -19.5296
0.638611 -19.2059
0.783563 -18.7983
0.925184 -18.3086
1.06287 -17.7389
1.19601 -17.0915
1.32404 -16.3693
1.44639 -15.5754
1.56251 -14.7131
1.67188 -13.7861
1.774 -12.7986
1.86839 -11.7548
1.95462 -10.6592
2.03228 -9.51657
2.10101 -8.33203
2.16046 -7.11077
2.21035 -5.85816
2.25045 -4.57976
2.28055 -3.28124
2.30051 -1.96838
2.31023 -0.647009
2.30966 0.676981
2.29881 1.9977
2.27773 3.30926
2.24653 4.60585
2.20537 5.88169
2.15444 7.13115
2.09401 8.34869
2.02437 9.52895
1.94585 10.6668
1.85884 11.7571
1.76373 12.7953
1.66099 13.7767
1.55109 14.6973
1.43452 15.5529
1.31183 16.3399
1.18355 17.0551
1.05026 17.6952
0.912541 18.2577
0.77099 18.7402
0.626215 19.1406
0.478834 19.4573
0.329471 19.6889
0.178756 19.8346
0.0273218 19.8936
-0.124197 19.8659
-0.275166 19.7514
-0.424952 19.5508
-0.572926 19.2648
-0.718462 18.8947
-0.860943 18.4421
-0.999759 17.9088
-1.13431 17.2973
-1.26401 16.6099
-1.3883 15.8498
-1.50661 15.0202
-1.61842 14.1246
-1.72322 13.167
-1.82053 12.1514
-1.9099 11.0823
-1.9909 9.96441
-2.06316 8.80259
-2.12632 7.60195
-2.18009 6.3678
-2.2242 5.1056
-2.25843 3.82094
-2.28263 2.51954
-2.29667 1.20718
-2.30049 -0.110297
-2.29406 -1.42703
-2.27742 -2.73715
-2.25066 -4.03482
-2.21391 -5.3143
-2.16735 -6.5699
-2.11121 -7.79607
-2.04577 -8.98739
-1.97134 -10.1386
-1.88829 -11.2447
-1.79701 -12.3009
-1.69793 -13.3025
-1.59152 -14.2452
-1.47825 -15.1249
-1.35865 -15.9379
-1.23326 -16.6807
-1.10263 -17.3501
-0.967346 -17.9433
-0.827986 -18.4578
-0.685156 -18.8915
-0.539468 -19.2424
-0.391539 -19.5092
-0.241996 -19.6908
-0.0914684 -19.7864
0.0594136 -19.7955
0.210017 -19.7183
0.35971 -19.555
0.507865 -19.3064
0.653857 -18.9735
0.797066 -18.5577
0.936882 -18.0608
1.0727 -17.4849
1.20394 -16.8324
1.33003 -16.1062
1.4504 -15.3094
1.56451 -14.4454
1.67186 -13.5179
1.77195 -12.531
1.86431 -11.4889
1.94853 -10.3962
2.02419 -9.25766
2.09094 -8.07833
2.14847 -6.86338
2.19648 -5.61818
2.23476 -4.34826
2.2631 -3.05924
2.28138 -1.75686
2.2895 -0.446913
2.28743 0.864766
2.27517 2.17234
2.25279 3.46998
2.22041 4.75194
2.17818 6.0125
2.12631 7.24611
2.06507 8.44729
1.99474 9.61076
1.91566 10.7314
1.82823 11.8044
1.73284 12.8249
1.62995 13.7886
1.52002 14.6913
1.40358 15.5292
1.28113 16.2986
1.15323 16.9962
1.02045 17.6191
0.883362 18.1647
0.742563 18.6307
0.598658 19.0151
0.452261 19.3162
0.303992 19.5329
0.154476 19.6643
0.00434223 19.7098
-0.145781 19.6693
-0.295263 19.5429
-0.443477 19.3312
-0.589798 19.0351
-0.733608 18.6558
-0.874294 18.195
-1.01125 17.6547
-1.1439 17.037
-1.27164 16.3448
-1.39393 15.5809
-1.51022 14.7486
-1.61998 13.8516
-1.72271 12.8936
-1.81795 11.8789
-1.90524 10.8119
-1.98419 9.69726
-2.05441 8.53986
-2.11558 7.34481
-2.16739 6.11738
-2.20959 4.863
-2.24199 3.58724
-2.26441 2.29578
-2.27676 0.994344
-2.27897 -0.311261
-2.27103 -1.61522
-2.25299 -2.91174
-2.22493 -4.19505
-2.187 -5.45944
-2.13938 -6.69931
-2.08232 -7.90919
-2.01608 -9.08372
-1.94098 -10.2177
-1.8574 -11.3063
-1.76573 -12.3446
-1.66639 -13.3282
-1.55985 -14.2528
-1.44661 -15.1144
-1.32716 -15.9093
-1.20206 -16.6341
-1.07185 -17.2858
-0.937107 -17.8615
-0.798421 -18.3589
-0.656387 -18.7758
-0.511614 -19.1105
-0.364717 -19.3617
-0.216316 -19.5282
-0.0670368 -19.6094
0.0824947 -19.6049
0.231651 -19.5149
0.379806 -19.3397
0.526335 -19.08
0.670621 -18.737
0.812051 -18.3121
0.95002 -17.8071
1.08393 -17.2242
1.21321 -16.5659
1.33729 -15.8349
1.45561 -15.0346
1.56765 -14.1681
1.67289 -13.2395
1.77087 -12.2525
1.86112 -11.2117
1.94323 -10.1214
2.0168 -8.98652
2.08149 -7.81201
2.13699 -6.60306
2.18302 -5.36502
2.21936 -4.10336
2.24585 -2.8237
2.26234 -1.53172
2.26876 -0.233173
2.26507 1.06616
2.25131 2.36048
2.22753 3.64405
2.19386 4.91115
2.15046 6.15617
2.09755 7.37358
2.0354 8.55802
1.96429 9.70426
1.88457 10.8073
1.79663 11.8623
1.70088 12.8646
1.59776 13.8099
1.48775 14.6942
1.37136 15.5135
1.24911 16.2645
1.12154 16.9439
0.989216 17.5488
0.85272 18.0766
0.712641 18.5252
0.569581 18.8927
0.424149 19.1775
0.276962 19.3784
0.12864 19.4946
-0.0201935 19.5257
-0.168913 19.4715
-0.316894 19.3323
-0.463514 19.1086
-0.608155 18.8015
-0.750204 18.4122
-0.889056 17.9425
-1.02411 17.3942
-1.15479 16.7698
-1.28052 16.0718
-1.40075 15.3034
-1.51494 14.4679
-1.62257 13.5687
-1.72316 12.6099
-1.81624 11.5955
-1.90138 10.5301
-1.97819 9.4183
-2.04628 8.26495
-2.10535 7.07516
-2.15511 5.85418
-2.1953 4.60741
-2.22575 3.34041
-2.2463 2.05878
-2.25685 0.768244
-2.25735 -0.525461
-2.24781 -1.81657
-2.22826 -3.09935
-2.1988 -4.36807
-2.1596 -5.61713
-2.11083 -6.84096
-2.05274 -8.03418
-1.98561 -9.1915
-1.90977 -10.3079
-1.82557 -11.3783
-1.73342 -12.3983
-1.63376 -13.3633
-1.52703 -14.2691
-1.41374 -15.1119
-1.29439 -15.8879
-1.16952 -16.5941
-1.03968 -17.2272
-0.905453 -17.7846
-0.767408 -18.264
-0.626145 -18.6634
-0.482268 -18.981
-0.336388 -19.2156
-0.189122 -19.3662
-0.0410909 -19.4322
0.107084 -19.4133
0.25478 -19.3096
0.401376 -19.1215
0.546255 -18.85
0.688804 -18.496
0.828416 -18.0612
0.964493 -17.5474
1.09645 -16.9568
1.22371 -16.2919
1.34571 -15.5555
1.46192 -14.7509
1.57181 -13.8815
1.67488 -12.951
1.77067 -11.9636
1.85872 -10.9235
1.93864 -9.83522
2.01003 -8.7036
2.07256 -7.53359
2.12593 -6.33037
2.16988 -5.09926
2.2042 -3.84572
2.22872 -2.57531
2.24332 -1.29369
2.24794 -0.00655861
2.24255 1.28035
2.22717 2.5613
2.20189 3.83061
2.16684 5.08262
2.12218 6.31179
2.06814 7.51267
2.00499 8.67996
1.93301 9.80853
1.85258 10.8934
1.76406 11.9299
1.66787 12.9134
1.56446 13.8397
1.45431 14.7049
1.33791 15.5051
1.2158 16.2369
1.08851 16.8973
0.956613 17.4834
0.820677 17.9927
0.681291 18.4231
0.539055 18.7729
0.394573 19.0404
0.248459 19.2247
0.101329 19.3249
-0.0461977 19.3407
-0.193502 19.272
-0.339963 19.1192
-0.484966 18.8827
-0.627897 18.5638
-0.768149 18.1637
-0.905124 17.6842
-1.03823 17.1273
-1.1669 16.4953
-1.29055 15.7911
-1.40865 15.0175
-1.52067 14.178
-1.62611 13.2762
-1.72448 12.316
-1.81532 11.3016
-1.89822 10.2373
-1.97279 9.12794
-2.03867 7.97832
-2.09555 6.79352
-2.14315 5.57877
-2.18125 4.33946
-2.20966 3.0811
-2.22823 1.80926
-2.23689 0.529625
-2.23558 -0.75212
-2.22433 -2.03026
-2.20318 -3.29912
-2.17224 -4.55305
-2.13166 -5.78648
-2.08165 -6.99395
-2.02246 -8.17013
-1.95436 -9.30982
-1.87768 -10.408
-1.7928 -11.4599
-1.70011 -12.4609
-1.60005 -13.4067
-1.49307 -14.2931
-1.37968 -15.1164
-1.26038 -15.873
-1.1357 -16.5597
-1.0062 -17.1735
-0.87244 -17.7119
-0.735009 -18.1725
-0.594495 -18.5535
-0.451499 -18.8533
-0.306628 -19.0705
-0.160495 -19.2044
-0.0137157 -19.2543
0.133092 -19.2201
0.279312 -19.1019
0.424328 -18.9003
0.567528 -18.616
0.708305 -18.2504
0.846058 -17.805
0.980198 -17.2816
1.11014 -16.6825
1.23533 -16.0104
1.3552 -15.268
1.46923 -14.4585
1.5769 -13.5856
1.67772 -12.6529
1.77124 -11.6644
1.85702 -10.6246
1.93465 -9.53801
2.00377 -8.40933
2.06405 -7.24355
2.1152 -6.04585
2.15698 -4.8215
2.18918 -3.57596
2.21164 -2.31475
2.22427 -1.04349
2.22698 0.232177
2.21979 1.50656
2.20271 2.77398
2.17584 4.02881
2.13932 5.26547
2.09331 6.47847
2.03806 7.66246
1.97382 8.8122
1.90091 9.92264
1.81968 10.9889
1.73051 12.0063
1.63382 12.9705
1.53006 13.8772
1.41971 14.7225
1.30326 15.5029
1.18125 16.2149
1.0542 16.8555
0.922693 17.4221
0.787289 17.9121
0.648575 18.3236
0.507147 18.6548
0.363607 18.9044
0.218564 19.0712
0.0726283 19.1546
-0.0735839 19.1544
-0.219458 19.0704
-0.36438 18.9031
-0.507738 18.6531
-0.648926 18.3217
-0.787343 17.91
-0.922397 17.4201
-1.05351 16.8538
-1.1801 16.2137
-1.30162 15.5025
-1.41753 14.7232
-1.52732 13.8793
-1.63048 12.9743
-1.72655 12.0122
-1.81508 10.9973
-1.89566 9.93383
-1.96791 8.8266
-2.03149 7.68043
-2.08609 6.5004
-2.13145 5.29172
-2.16735 4.05975
-2.19362 2.80996
-2.21013 1.54791
-2.2168 0.279215
-2.2136 -0.990473
-2.20055 -2.2555
-2.17771 -3.51025
-2.14519 -4.74912
-2.10317 -5.96664
-2.05184 -7.1574
-1.99145 -8.31614
-1.9223 -9.43776
-1.84473 -10.5173
-1.75909 -11.5501
-1.6658 -12.5316
-1.56528 -13.4576
-1.458 -14.324
-1.34446 -15.1272
-1.22516 -15.8636
-1.10063 -16.5301
-0.971432 -17.1239
-0.838124 -17.6425
-0.701285 -18.0836
-0.561504 -18.4455
-0.419379 -18.7266
-0.275513 -18.9258
-0.130514 -19.0421
0.0150051 -19.0752
0.160433 -19.0249
0.305157 -18.8915
0.448567 -18.6755
0.590056 -18.3779
0.729024 -17.9998
0.864878 -17.5431
0.997032 -17.0095
1.12492 -16.4014
1.24797 -15.7213
1.36565 -14.9723
1.47743 -14.1575
1.58281 -13.2805
1.68131 -12.3451
1.77248 -11.3553
1.8559 -10.3155
1.93116 -9.23015
1.99793 -8.10413
2.05588 -6.94237
2.10472 -5.75001
2.14424 -4.53232
2.17423 -3.29471
2.19455 -2.04269
2.2051 -0.781814
2.20583 0.482293
2.19674 1.74401
2.17788 2.99771
2.14934 4.23782
2.11126 5.45884
2.06383 6.65536
2.00728 7.82207
1.94189 8.95384
1.86797 10.0457
1.78588 11.0928
1.696 12.0907
1.59875 13.0349
1.49458 13.9214
1.38398 14.7463
1.26744 15.5062
1.14549 16.1977
1.01865 16.8179
0.887507 17.3641
0.752614 17.8342
0.614556 18.226
0.473926 18.5379
0.331323 18.7687
0.18735 18.9173
0.0426171 18.9832
-0.102267 18.9661
-0.246693 18.8661
-0.39005 18.6836
-0.531734 18.4195
-0.671144 18.0747
-0.807686 17.6509
-0.940773 17.1499
-1.06983 16.5737
-1.1943 15.9248
-1.31363 15.2061
-1.42729 14.4206
-1.53477 13.5717
-1.63559 12.6631
-1.72928 11.6988
-1.81542 10.683
-1.8936 9.62001
-1.96344 8.51464
-2.02463 7.37172
-2.07687 6.19629
-2.1199 4.99356
-2.15353 3.76886
-2.17757 2.52763
-2.19193 1.2754
-2.19653 0.0177313
-2.19135 -1.23977
-2.17641 -2.4915
-2.1518 -3.7319
-2.11763 -4.95546
-2.07407 -6.15674
-2.02135 -7.33042
-1.9597 -8.47132
-1.88944 -9.57443
-1.8109 -10.6349
-1.72444 -11.6481
-1.63049 -12.6095
-1.52947 -13.5151
-1.42184 -14.3609
-1.3081 -15.1432
-1.18877 -15.8588
-1.06436 -16.5045
-0.935437 -17.0776
-0.802555 -17.5757
-0.666293 -17.9966
-0.527235 -18.3387
-0.385976 -18.6004
-0.243116 -18.7807
-0.0992581 -18.8788
0.0449893 -18.8943
0.189019 -18.8273
0.332224 -18.6779
0.473999 -18.4468
0.613744 -18.1351
0.750865 -17.744
0.884774 -17.2753
1.01489 -16.7309
1.14066 -16.1131
1.26152 -15.4247
1.37695 -14.6686
1.48642 -13.848
1.58944 -12.9665
1.68555 -12.0279
1.77429 -11.0364
1.85527 -9.99623
1.92809 -8.91198
1.99242 -7.78842
2.04795 -6.63051
2.09441 -5.44338
2.13157 -4.23228
2.15927 -3.00258
2.17736 -1.75977
2.18575 -0.509367
2.18442 0.743059
2.17335 1.99193
2.15262 3.23169
2.12233 4.45683
2.08262 5.6619
2.03369 6.84158
1.97578 7.99063
1.90917 9.10399
1.83418 10.1768
1.75117 11.2043
1.66052 12.182
1.56266 13.1057
1.45805 13.9714
1.34716 14.7753
1.23048 15.514
1.10856 16.1843
0.981911 16.7834
0.851105 17.3087
0.716706 17.758
0.579293 18.1294
0.439457 18.4214
0.297791 18.6327
0.154896 18.7624
0.0113756 18.81
-0.132164 18.7754
-0.275119 18.6587
-0.416885 18.4604
-0.556862 18.1813
-0.694456 17.8227
-0.829078 17.3861
-0.960152 16.8734
-1.08711 16.2867
-1.20939 15.6285
-1.32647 14.9018
-1.43781 14.1096
-1.54292 13.2554
-1.64133 12.3428
-1.73258 11.3759
-1.81624 10.3589
-1.89194 9.29617
-1.9593 8.19247
-2.01802 7.05263
-2.06781 5.88169
-2.10844 4.68484
-2.13969 3.46739
-2.16144 2.23475
-2.17356 0.992402
-2.176 -0.254118
-2.16876 -1.49926
-2.15186 -2.73749
-2.1254 -3.96329
-2.08951 -5.17122
-2.04435 -6.35592
-1.99016 -7.51215
-1.92719 -8.6348
-1.85575 -9.71893
-1.77619 -10.7598
-1.68886 -11.7528
-1.5942 -12.6937
-1.49262 -13.5783
-1.38461 -14.4029
-1.27064 -15.1638
-1.15124 -15.8579
-1.02693 -16.4821
-0.898258 -17.0338
-0.765788 -17.5107
-0.630091 -17.9107
-0.491751 -18.2322
-0.351358 -18.4738
-0.209509 -18.6346
-0.0668038 -18.7138
0.0761555 -18.7111
0.218766 -18.6266
0.360424 -18.4606
0.500533 -18.2138
0.638497 -17.8874
0.773729 -17.4827
0.905647 -17.0014
1.03368 -16.4456
1.15728 -15.8177
1.27589 -15.1204
1.389 -14.3567
1.49609 -13.5299
1.59669 -12.6436
1.69033 -11.7016
1.77658 -10.708
1.85504 -9.66726
1.92534 -8.58386
1.98715 -7.4626
2.04018 -6.30843
2.08417 -5.12646
2.11891 -3.92192
2.14422 -2.70017
2.16 -1.46664
2.16616 -0.226829
2.16268 1.01375
2.14957 2.24958
2.1269 3.47515
2.09478 4.68502
2.05337 5.87381
2.00287 7.03627
1.94354 8.16725
1.87565 9.26176
1.79953 10.315
1.71554 11.3224
1.62408 12.2794
1.52557 13.1821
1.42047 14.0264
1.30925 14.8087
1.19242 15.5256
1.07049 16.1741
0.944015 16.7514
0.813534 17.2551
0.679619 17.683
0.542848 18.0333
0.403804 18.3046
0.263081 18.4957
0.121274 18.6059
-0.0210173 18.6346
-0.163192 18.5818
-0.304649 18.4477
-0.444792 18.233
-0.583027 17.9384
-0.718764 17.5654
-0.851423 17.1154
-0.980433 16.5904
-1.10523 15.9927
-1.22528 15.3248
-1.34004 14.5896
-1.449 13.7903
-1.55168 12.9304
-1.6476 12.0135
-1.73633 11.0438
-1.81745 10.0253
-1.89058 8.96264
-1.95539 7.86044
-2.01156 6.72357
-2.05883 5.55706
-2.09696 4.36607
-2.12578 3.1559
-2.14514 1.93192
-2.15495 0.69958
-2.15516 -0.535634
-2.14578 -1.76822
-2.12685 -2.99269
-2.09847 -4.20361
-2.06078 -5.39559
-2.01396 -6.56335
-1.95824 -7.70172
-1.8939 -8.80568
-1.82123 -9.87037
-1.74058 -10.8911
-1.65235 -11.8635
-1.55692 -12.7832
-1.45476 -13.6463
-1.34632 -14.449
-1.2321 -15.188
-1.11261 -15.8599
-0.988373 -16.462
-0.859941 -16.9917
-0.727872 -17.4467
-0.592736 -17.8252
-0.455114 -18.1255
-0.315593 -18.3464
-0.174766 -18.4869
-0.0332277 -18.5465
0.108423 -18.5249
0.249588 -18.4223
0.389671 -18.2391
0.528078 -17.9761
0.664222 -17.6344
0.79752 -17.2155
0.9274 -16.7212
1.0533 -16.1536
1.17467 -15.5151
1.29097 -14.8085
1.4017 -14.0368
1.50635 -13.2034
1.60445 -12.3119
1.69555 -11.3662
1.77923 -10.3704
1.8551 -9.32883
1.9228 -8.24614
1.98202 -7.12708
2.03247 -5.97658
2.07392 -4.79975
2.10615 -3.60181
2.12902 -2.38807
2.14241 -1.16395
2.14626 0.065121
2.14056 1.29366
2.12533 2.5162
2.10064 3.7273
2.06663 4.92158
2.02346 6.09373
1.97134 7.23858
1.91053 8.35107
1.84131 9.42628
1.76401 10.4595
1.67901 11.4462
1.58669 12.3821
1.48749 13.2631
1.38187 14.0854
1.2703 14.8455
1.15328 15.54
1.03134 16.1661
0.905007 16.721
0.774843 17.2024
0.641408 17.6083
0.505278 17.9369
0.367033 18.1869
0.227262 18.3572
0.0865585 18.4471
-0.0544832 18.4563
-0.195267 18.3848
-0.335198 18.2327
-0.473685 18.0009
-0.610137 17.6903
-0.743975 17.3023
-0.874624 16.8384
-1.00152 16.3007
-1.12411 15.6916
-1.24186 15.0135
-1.35424 14.2695
-1.46076 13.4628
-1.56093 12.5968
-1.65429 11.6754
-1.74043 10.7025
-1.81894 9.68249
-1.88944 8.61972
-1.95162 7.51894
-2.00516 6.38499
-2.04983 5.22289
-2.0854 4.03779
-2.11169 2.83497
-2.1286 1.61977
-2.13602 0.397588
-2.13394 -0.82612
-2.12235 -2.04591
-2.10133 -3.25635
-2.07097 -4.45207
-2.03142 -5.62775
-1.98287 -6.77818
-1.92558 -7.89828
-1.85979 -8.98311
-1.78585 -10.0279
-1.70409 -11.028
-1.61489 -11.9792
-1.51868 -12.8772
-1.4159 -13.7182
-1.30701 -14.4986
-1.19251 -15.2149
-1.07291 -15.8641
-0.948732 -16.4435
-0.82053 -16.9505
-0.688858 -17.3831
-0.554284 -17.7393
-0.417386 -18.0178
-0.278747 -18.2173
-0.138956 -18.337
0.0013943 -18.3764
0.141712 -18.3354
0.281403 -18.2141
0.419876 -18.0132
0.556544 -17.7333
0.690824 -17.3759
0.822143 -16.9423
0.949934 -16.4344
1.07364 -15.8545
1.19273 -15.205
1.30666 -14.4887
1.41495 -13.7088
1.51709 -12.8685
1.61262 -11.9716
1.70111 -11.0219
1.78215 -10.0237
1.85536 -8.98123
1.92039 -7.89916
1.97695 -6.78224
2.02475 -5.63541
2.06357 -4.46376
2.09322 -3.27249
2.11357 -2.06688
2.1245 -0.852315
2.12598 0.365809
2.11799 1.58207
2.10057 2.79104
2.07382 3.98736
2.03786 5.16571
1.99287 6.32085
1.93907 7.44768
1.87672 8.54123
1.80613 9.59668
1.72761 10.6094
1.64155 11.5749
1.54835 12.4891
1.44843 13.3479
1.34226 14.1477
1.23031 14.8849
1.11309 15.5565
0.991118 16.1595
0.864931 16.6914
0.73508 17.15
0.602126 17.5332
0.466642 17.8395
0.329207 18.0675
0.190404 18.2165
0.0508237 18.2856
-0.0889444 18.2747
-0.228309 18.1837
-0.36668 18.0132
-0.503472 17.7639
-0.638102 17.4367
-0.769994 17.0332
-0.898582 16.555
-1.02331 16.0042
-1.14363 15.3832
-1.25902 14.6946
-1.36897 13.9415
-1.47297 13.1271
-1.57057 12.2548
-1.66132 11.3286
-1.74479 10.3525
-1.82061 9.3307
-1.88841 8.26775
-1.94788 7.16833
-1.99873 6.03729
-2.04073 4.87964
-2.07366 3.70052
-2.09737 2.50517
-2.11175 1.2989
-2.11672 0.0870814
-2.11227 -1.12488
-2.09842 -2.33161
-2.07523 -3.52771
-2.04283 -4.70789
-2.00137 -5.86689
-1.95106 -6.9996
-1.89213 -8.10099
-1.82487 -9.16622
-1.7496 -10.1906
-1.66669 -11.1697
-1.5765 -12.0991
-1.47947 -12.9749
-1.37605 -13.7932
-1.26669 -14.5506
-1.15189 -15.2437
-1.03217 -15.8696
-0.908045 -16.4256
-0.78007 -16.9094
-0.648797 -17.3189
-0.514792 -17.6524
-0.378628 -17.9084
-0.240887 -18.0859
-0.102153 -18.1843
0.0369865 -18.2029
0.175942 -18.1419
0.314126 -18.0015
0.450952 -17.7822
0.585839 -17.4851
0.718212 -17.1114
0.847502 -16.6627
0.973151 -16.1409
1.09461 -15.5483
1.21136 -14.8875
1.32286 -14.1612
1.42864 -13.3727
1.5282 -12.5253
1.6211 -11.6227
1.70692 -10.669
1.78525 -9.66819
1.85572 -8.62475
1.91802 -7.54326
1.97183 -6.42849
2.01691 -5.28537
2.05304 -4.11898
2.08005 -2.9345
2.0978 -1.73719
2.10622 -0.532379
2.10525 0.674564
2.09491 1.87827
2.07525 3.07338
2.04637 4.25457
2.00841 5.41661
1.96156 6.55434
1.90603 7.66273
1.84211 8.73689
1.77009 9.77209
1.69032 10.7638
1.60317 11.7076
1.50905 12.5996
1.40839 13.4356
1.30165 14.2123
1.18931 14.9262
1.07188 15.5742
0.949874 16.1536
0.823828 16.6619
0.694292 17.0969
0.561827 17.4569
0.427001 17.7403
0.29039 17.9459
0.152576 18.0728
0.0141426 18.1206
-0.124323 18.089
-0.262236 17.9782
-0.39901 17.7887
-0.534066 17.5213
-0.666828 17.1772
-0.796727 16.7578
-0.923203 16.2649
-1.04571 15.7006
-1.16371 15.0674
-1.27668 14.3681
-1.38412 13.6055
-1.48555 12.7831
-1.58051 11.9044
-1.66857 10.9733
-1.74931 9.99379
-1.82237 8.9702
-1.8874 7.90704
-1.9441 6.80899
-1.99218 5.68091
-2.03144 4.5278
-2.06166 3.35478
-2.08272 2.16706
-2.09451 0.969927
-2.09697 -0.231289
-2.0901 -1.43124
-2.07392 -2.62458
-2.04852 -3.80601
-2.01403 -4.97028
-1.97061 -6.11221
-1.91847 -7.22676
-1.85787 -8.309
-1.7891 -9.35417
-1.71248 -10.3577
-1.62838 -11.3151
-1.53718 -12.2223
-1.43931 -13.0753
-1.33522 -13.8704
-1.22537 -14.6042
-1.11027 -15.2736
-0.99042 -15.8756
-0.866352 -16.4077
-0.738607 -16.8677
-0.607741 -17.2535
-0.474315 -17.5636
-0.338902 -17.7967
-0.202078 -17.9517
-0.0644251 -18.0281
0.0734736 -18.0255
0.211034 -17.9439
0.347674 -17.7838
0.482812 -17.5458
0.615875 -17.231
0.746291 -16.8406
0.873502 -16.3764
0.996956 -15.8403
1.11611 -15.2348
1.23045 -14.5623
1.33947 -13.8258
1.44267 -13.0285
1.5396 -12.1738
1.6298 -11.2655
1.71287 -10.3076
1.78842 -9.30415
1.85609 -8.25969
1.91558 -7.17879
1.96659 -6.06622
2.00888 -4.92691
2.04226 -3.76592
2.06655 -2.5884
2.08165 -1.39958
2.08748 -0.204773
2.08401 0.990715
2.07127 2.18156
2.04932 3.36246
2.01826 4.52816
1.97825 5.6735
1.92948 6.79339
1.87219 7.88289
1.80666 8.93719
1.73319 9.95165
1.65214 10.9218
1.56387 11.8435
1.46881 12.7126
1.36739 13.5254
1.26007 14.2784
1.14734 14.9683
1.02969 15.5922
0.907643 16.1474
0.781741 16.6315
0.652528 17.0426
0.520563 17.3788
0.386411 17.6387
0.250646 17.8213
0.113845 17.9257
-0.0234117 17.9516
-0.160542 17.8989
-0.296966 17.7678
-0.432103 17.5588
-0.56538 17.273
-0.696226 16.9114
-0.824081 16.4757
-0.948391 15.9678
-1.06862 15.3897
-1.18423 14.7441
-1.29472 14.0337
-1.3996 13.2616
-1.49839 12.431
-1.59065 11.5458
-1.67595 10.6096
-1.7539 9.62667
-1.82413 8.60127
-1.88632 7.53791
-1.94017 6.44129
-1.98543 5.31628
-2.02188 4.16784
-2.04934 3.00109
-2.06768 1.82122
-2.07682 0.633468
-2.07671 -0.556871
-2.06735 -1.7445
-2.0488 -2.92413
-2.02114 -4.09051
-1.98451 -5.23847
-1.93909 -6.36291
-1.88509 -7.45886
-1.82279 -8.52148
-1.75247 -9.54609
-1.67447 -10.5282
-1.58916 -11.4635
-1.49692 -12.3479
-1.3982 -13.1776
-1.29343 -13.949
-1.18309 -14.6587
-1.06768 -15.3037
-0.947703 -15.8813
-0.823692 -16.3889
-0.696187 -16.8245
-0.565739 -17.1862
-0.43291 -17.4723
-0.298269 -17.6819
-0.162388 -17.8139
-0.0258453 -17.8678
0.11078 -17.8435
0.246909 -17.741
0.381964 -17.5608
0.515371 -17.3036
0.646561 -16.9706
0.774971 -16.5632
0.900049 -16.0832
1.02125 -15.5326
1.13805 -14.9138
1.24993 -14.2294
