0 7 0 -9.81
0.001 7 -0.00981 -9.81
0.002 6.99999 -0.01962 -9.81
0.003 6.99997 -0.02943 -9.81
0.004 6.99994 -0.03924 -9.81
0.005 6.9999 -0.04905 -9.81
0.006 6.99985 -0.05886 -9.81
0.007 6.99979 -0.06867 -9.81
0.008 6.99973 -0.07848 -9.81
0.009 6.99965 -0.08829 -9.81
0.01 6.99956 -0.0981 -9.81
0.011 6.99946 -0.10791 -9.81
0.012 6.99935 -0.11772 -9.81
0.013 6.99923 -0.12753 -9.81
0.014 6.99911 -0.13734 -9.81
0.015 6.99897 -0.14715 -9.81
0.016 6.99882 -0.15696 -9.81
0.017 6.99867 -0.16677 -9.81
0.018 6.9985 -0.17658 -9.81
0.019 6.99832 -0.18639 -9.81
0.02 6.99814 -0.1962 -9.81
0.021 6.99794 -0.20601 -9.81
0.022 6.99773 -0.21582 -9.81
0.023 6.99752 -0.22563 -9.81
0.024 6.99729 -0.23544 -9.81
0.025 6.99706 -0.24525 -9.81
0.026 6.99681 -0.25506 -9.81
0.027 6.99656 -0.26487 -9.81
0.028 6.99629 -0.27468 -9.81
0.029 6.99602 -0.28449 -9.81
0.03 6.99573 -0.2943 -9.81
0.031 6.99544 -0.30411 -9.81
0.032 6.99513 -0.31392 -9.81
0.033 6.99482 -0.32373 -9.81
0.034 6.9945 -0.33354 -9.81
0.035 6.99416 -0.34335 -9.81
0.036 6.99382 -0.35316 -9.81
0.037 6.99347 -0.36297 -9.81
0.038 6.9931 -0.37278 -9.81
0.039 6.99273 -0.38259 -9.81
0.04 6.99235 -0.3924 -9.81
0.041 6.99196 -0.40221 -9.81
0.042 6.99155 -0.41202 -9.81
0.043 6.99114 -0.42183 -9.81
0.044 6.99072 -0.43164 -9.81
0.045 6.99029 -0.44145 -9.81
0.046 6.98985 -0.45126 -9.81
0.047 6.9894 -0.46107 -9.81
0.048 6.98893 -0.47088 -9.81
0.049 6.98846 -0.48069 -9.81
0.05 6.98798 -0.4905 -9.81
0.051 6.98749 -0.50031 -9.81
0.052 6.98699 -0.51012 -9.81
0.053 6.98648 -0.51993 -9.81
0.054 6.98596 -0.52974 -9.81
0.055 6.98543 -0.53955 -9.81
0.056 6.98489 -0.54936 -9.81
0.057 6.98434 -0.55917 -9.81
0.058 6.98378 -0.56898 -9.81
0.059 6.98322 -0.57879 -9.81
0.06 6.98264 -0.5886 -9.81
0.061 6.98205 -0.59841 -9.81
0.062 6.98145 -0.60822 -9.81
0.063 6.98084 -0.61803 -9.81
0.064 6.98022 -0.62784 -9.81
0.065 6.9796 -0.63765 -9.81
0.066 6.97896 -0.64746 -9.81
0.067 6.97831 -0.65727 -9.81
0.068 6.97765 -0.66708 -9.81
0.069 6.97699 -0.67689 -9.81
0.07 6.97631 -0.6867 -9.81
0.071 6.97562 -0.69651 -9.81
0.072 6.97493 -0.70632 -9.81
0.073 6.97422 -0.71613 -9.81
0.074 6.9735 -0.72594 -9.81
0.075 6.97278 -0.73575 -9.81
0.076 6.97204 -0.74556 -9.81
0.077 6.9713 -0.75537 -9.81
0.078 6.97054 -0.76518 -9.81
0.079 6.96978 -0.77499 -9.81
0.08 6.969 -0.7848 -9.81
0.081 6.96822 -0.79461 -9.81
0.082 6.96742 -0.80442 -9.81
0.083 6.96662 -0.81423 -9.81
0.084 6.9658 -0.82404 -9.81
0.085 6.96498 -0.83385 -9.81
0.086 6.96414 -0.84366 -9.81
0.087 6.9633 -0.85347 -9.81
0.088 6.96245 -0.86328 -9.81
0.089 6.96158 -0.87309 -9.81
0.09 6.96071 -0.8829 -9.81
0.091 6.95983 -0.89271 -9.81
0.092 6.95894 -0.90252 -9.81
0.093 6.95803 -0.91233 -9.81
0.094 6.95712 -0.92214 -9.81
0.095 6.9562 -0.93195 -9.81
0.096 6.95527 -0.94176 -9.81
0.097 6.95432 -0.95157 -9.81
0.098 6.95337 -0.96138 -9.81
0.099 6.95241 -0.97119 -9.81
0.1 6.95144 -0.981 -9.81
0.101 6.95046 -0.99081 -9.81
0.102 6.94947 -1.00062 -9.81
0.103 6.94847 -1.01043 -9.81
0.104 6.94746 -1.02024 -9.81
0.105 6.94644 -1.03005 -9.81
0.106 6.94541 -1.03986 -9.81
0.107 6.94437 -1.04967 -9.81
0.108 6.94332 -1.05948 -9.81
0.109 6.94226 -1.06929 -9.81
0.11 6.94119 -1.0791 -9.81
0.111 6.94011 -1.08891 -9.81
0.112 6.93902 -1.09872 -9.81
0.113 6.93792 -1.10853 -9.81
0.114 6.93681 -1.11834 -9.81
0.115 6.9357 -1.12815 -9.81
0.116 6.93457 -1.13796 -9.81
0.117 6.93343 -1.14777 -9.81
0.118 6.93228 -1.15758 -9.81
0.119 6.93112 -1.16739 -9.81
0.12 6.92996 -1.1772 -9.81
0.121 6.92878 -1.18701 -9.81
0.122 6.92759 -1.19682 -9.81
0.123 6.9264 -1.20663 -9.81
0.124 6.92519 -1.21644 -9.81
0.125 6.92397 -1.22625 -9.81
0.126 6.92275 -1.23606 -9.81
0.127 6.92151 -1.24587 -9.81
0.128 6.92026 -1.25568 -9.81
0.129 6.91901 -1.26549 -9.81
0.13 6.91774 -1.2753 -9.81
0.131 6.91647 -1.28511 -9.81
0.132 6.91518 -1.29492 -9.81
0.133 6.91389 -1.30473 -9.81
0.134 6.91258 -1.31454 -9.81
0.135 6.91127 -1.32435 -9.81
0.136 6.90994 -1.33416 -9.81
0.137 6.90861 -1.34397 -9.81
0.138 6.90727 -1.35378 -9.81
0.139 6.90591 -1.36359 -9.81
0.14 6.90455 -1.3734 -9.81
0.141 6.90318 -1.38321 -9.81
0.142 6.90179 -1.39302 -9.81
0.143 6.9004 -1.40283 -9.81
0.144 6.899 -1.41264 -9.81
0.145 6.89758 -1.42245 -9.81
0.146 6.89616 -1.43226 -9.81
0.147 6.89473 -1.44207 -9.81
0.148 6.89329 -1.45188 -9.81
0.149 6.89183 -1.46169 -9.81
0.15 6.89037 -1.4715 -9.81
0.151 6.8889 -1.48131 -9.81
0.152 6.88742 -1.49112 -9.81
0.153 6.88593 -1.50093 -9.81
0.154 6.88443 -1.51074 -9.81
0.155 6.88292 -1.52055 -9.81
0.156 6.8814 -1.53036 -9.81
0.157 6.87987 -1.54017 -9.81
0.158 6.87833 -1.54998 -9.81
0.159 6.87678 -1.55979 -9.81
0.16 6.87522 -1.5696 -9.81
0.161 6.87365 -1.57941 -9.81
0.162 6.87207 -1.58922 -9.81
0.163 6.87048 -1.59903 -9.81
0.164 6.86888 -1.60884 -9.81
0.165 6.86727 -1.61865 -9.81
0.166 6.86565 -1.62846 -9.81
0.167 6.86402 -1.63827 -9.81
0.168 6.86239 -1.64808 -9.81
0.169 6.86074 -1.65789 -9.81
0.17 6.85908 -1.6677 -9.81
0.171 6.85741 -1.67751 -9.81
0.172 6.85573 -1.68732 -9.81
0.173 6.85405 -1.69713 -9.81
0.174 6.85235 -1.70694 -9.81
0.175 6.85064 -1.71675 -9.81
0.176 6.84893 -1.72656 -9.81
0.177 6.8472 -1.73637 -9.81
0.178 6.84546 -1.74618 -9.81
0.179 6.84372 -1.75599 -9.81
0.18 6.84196 -1.7658 -9.81
0.181 6.8402 -1.77561 -9.81
0.182 6.83842 -1.78542 -9.81
0.183 6.83663 -1.79523 -9.81
0.184 6.83484 -1.80504 -9.81
0.185 6.83303 -1.81485 -9.81
0.186 6.83122 -1.82466 -9.81
0.187 6.82939 -1.83447 -9.81
0.188 6.82756 -1.84428 -9.81
0.189 6.82572 -1.85409 -9.81
0.19 6.82386 -1.8639 -9.81
0.191 6.822 -1.87371 -9.81
0.192 6.82012 -1.88352 -9.81
0.193 6.81824 -1.89333 -9.81
0.194 6.81635 -1.90314 -9.81
0.195 6.81444 -1.91295 -9.81
0.196 6.81253 -1.92276 -9.81
0.197 6.81061 -1.93257 -9.81
0.198 6.80868 -1.94238 -9.81
0.199 6.80673 -1.95219 -9.81
0.2 6.80478 -1.962 -9.81
0.201 6.80282 -1.97181 -9.81
0.202 6.80085 -1.98162 -9.81
0.203 6.79887 -1.99143 -9.81
0.204 6.79687 -2.00124 -9.81
0.205 6.79487 -2.01105 -9.81
0.206 6.79286 -2.02086 -9.81
0.207 6.79084 -2.03067 -9.81
0.208 6.78881 -2.04048 -9.81
0.209 6.78677 -2.05029 -9.81
0.21 6.78472 -2.0601 -9.81
0.211 6.78266 -2.06991 -9.81
0.212 6.78059 -2.07972 -9.81
0.213 6.77851 -2.08953 -9.81
0.214 6.77642 -2.09934 -9.81
0.215 6.77432 -2.10915 -9.81
0.216 6.77221 -2.11896 -9.81
0.217 6.77009 -2.12877 -9.81
0.218 6.76796 -2.13858 -9.81
0.219 6.76583 -2.14839 -9.81
0.22 6.76368 -2.1582 -9.81
0.221 6.76152 -2.16801 -9.81
0.222 6.75935 -2.17782 -9.81
0.223 6.75717 -2.18763 -9.81
0.224 6.75499 -2.19744 -9.81
0.225 6.75279 -2.20725 -9.81
0.226 6.75058 -2.21706 -9.81
0.227 6.74836 -2.22687 -9.81
0.228 6.74614 -2.23668 -9.81
0.229 6.7439 -2.24649 -9.81
0.23 6.74165 -2.2563 -9.81
0.231 6.7394 -2.26611 -9.81
0.232 6.73713 -2.27592 -9.81
0.233 6.73486 -2.28573 -9.81
0.234 6.73257 -2.29554 -9.81
0.235 6.73027 -2.30535 -9.81
0.236 6.72797 -2.31516 -9.81
0.237 6.72565 -2.32497 -9.81
0.238 6.72333 -2.33478 -9.81
0.239 6.72099 -2.34459 -9.81
0.24 6.71865 -2.3544 -9.81
0.241 6.71629 -2.36421 -9.81
0.242 6.71393 -2.37402 -9.81
0.243 6.71156 -2.38383 -9.81
0.244 6.70917 -2.39364 -9.81
0.245 6.70678 -2.40345 -9.81
0.246 6.70438 -2.41326 -9.81
0.247 6.70196 -2.42307 -9.81
0.248 6.69954 -2.43288 -9.81
0.249 6.69711 -2.44269 -9.81
0.25 6.69466 -2.4525 -9.81
0.251 6.69221 -2.46231 -9.81
0.252 6.68975 -2.47212 -9.81
0.253 6.68728 -2.48193 -9.81
0.254 6.68479 -2.49174 -9.81
0.255 6.6823 -2.50155 -9.81
0.256 6.6798 -2.51136 -9.81
0.257 6.67729 -2.52117 -9.81
0.258 6.67477 -2.53098 -9.81
0.259 6.67224 -2.54079 -9.81
0.26 6.6697 -2.5506 -9.81
0.261 6.66715 -2.56041 -9.81
0.262 6.66459 -2.57022 -9.81
0.263 6.66202 -2.58003 -9.81
0.264 6.65944 -2.58984 -9.81
0.265 6.65685 -2.59965 -9.81
0.266 6.65425 -2.60946 -9.81
0.267 6.65164 -2.61927 -9.81
0.268 6.64902 -2.62908 -9.81
0.269 6.64639 -2.63889 -9.81
0.27 6.64375 -2.6487 -9.81
0.271 6.6411 -2.65851 -9.81
0.272 6.63844 -2.66832 -9.81
0.273 6.63577 -2.67813 -9.81
0.274 6.6331 -2.68794 -9.81
0.275 6.63041 -2.69775 -9.81
0.276 6.62771 -2.70756 -9.81
0.277 6.625 -2.71737 -9.81
0.278 6.62229 -2.72718 -9.81
0.279 6.61956 -2.73699 -9.81
0.28 6.61682 -2.7468 -9.81
0.281 6.61407 -2.75661 -9.81
0.282 6.61132 -2.76642 -9.81
0.283 6.60855 -2.77623 -9.81
0.284 6.60578 -2.78604 -9.81
0.285 6.60299 -2.79585 -9.81
0.286 6.60019 -2.80566 -9.81
0.287 6.59739 -2.81547 -9.81
0.288 6.59457 -2.82528 -9.81
0.289 6.59175 -2.83509 -9.81
0.29 6.58891 -2.8449 -9.81
0.291 6.58607 -2.85471 -9.81
0.292 6.58321 -2.86452 -9.81
0.293 6.58035 -2.87433 -9.81
0.294 6.57747 -2.88414 -9.81
0.295 6.57459 -2.89395 -9.81
0.296 6.5717 -2.90376 -9.81
0.297 6.56879 -2.91357 -9.81
0.298 6.56588 -2.92338 -9.81
0.299 6.56295 -2.93319 -9.81
0.3 6.56002 -2.943 -9.81
0.301 6.55708 -2.95281 -9.81
0.302 6.55413 -2.96262 -9.81
0.303 6.55116 -2.97243 -9.81
0.304 6.54819 -2.98224 -9.81
0.305 6.54521 -2.99205 -9.81
0.306 6.54222 -3.00186 -9.81
0.307 6.53921 -3.01167 -9.81
0.308 6.5362 -3.02148 -9.81
0.309 6.53318 -3.03129 -9.81
0.31 6.53015 -3.0411 -9.81
0.311 6.52711 -3.05091 -9.81
0.312 6.52406 -3.06072 -9.81
0.313 6.521 -3.07053 -9.81
0.314 6.51793 -3.08034 -9.81
0.315 6.51485 -3.09015 -9.81
0.316 6.51176 -3.09996 -9.81
0.317 6.50866 -3.10977 -9.81
0.318 6.50555 -3.11958 -9.81
0.319 6.50243 -3.12939 -9.81
0.32 6.4993 -3.1392 -9.81
0.321 6.49616 -3.14901 -9.81
0.322 6.49301 -3.15882 -9.81
0.323 6.48985 -3.16863 -9.81
0.324 6.48668 -3.17844 -9.81
0.325 6.4835 -3.18825 -9.81
0.326 6.48032 -3.19806 -9.81
0.327 6.47712 -3.20787 -9.81
0.328 6.47391 -3.21768 -9.81
0.329 6.47069 -3.22749 -9.81
0.33 6.46746 -3.2373 -9.81
0.331 6.46423 -3.24711 -9.81
0.332 6.46098 -3.25692 -9.81
0.333 6.45772 -3.26673 -9.81
0.334 6.45446 -3.27654 -9.81
0.335 6.45118 -3.28635 -9.81
0.336 6.44789 -3.29616 -9.81
0.337 6.4446 -3.30597 -9.81
0.338 6.44129 -3.31578 -9.81
0.339 6.43798 -3.32559 -9.81
0.34 6.43465 -3.3354 -9.81
0.341 6.43131 -3.34521 -9.81
0.342 6.42797 -3.35502 -9.81
0.343 6.42461 -3.36483 -9.81
0.344 6.42125 -3.37464 -9.81
0.345 6.41787 -3.38445 -9.81
0.346 6.41449 -3.39426 -9.81
0.347 6.4111 -3.40407 -9.81
0.348 6.40769 -3.41388 -9.81
0.349 6.40428 -3.42369 -9.81
0.35 6.40085 -3.4335 -9.81
0.351 6.39742 -3.44331 -9.81
0.352 6.39398 -3.45312 -9.81
0.353 6.39052 -3.46293 -9.81
0.354 6.38706 -3.47274 -9.81
0.355 6.38359 -3.48255 -9.81
0.356 6.38011 -3.49236 -9.81
0.357 6.37661 -3.50217 -9.81
0.358 6.37311 -3.51198 -9.81
0.359 6.3696 -3.52179 -9.81
0.36 6.36608 -3.5316 -9.81
0.361 6.36255 -3.54141 -9.81
0.362 6.359 -3.55122 -9.81
0.363 6.35545 -3.56103 -9.81
0.364 6.35189 -3.57084 -9.81
0.365 6.34832 -3.58065 -9.81
0.366 6.34474 -3.59046 -9.81
0.367 6.34115 -3.60027 -9.81
0.368 6.33755 -3.61008 -9.81
0.369 6.33394 -3.61989 -9.81
0.37 6.33032 -3.6297 -9.81
0.371 6.32669 -3.63951 -9.81
0.372 6.32305 -3.64932 -9.81
0.373 6.3194 -3.65913 -9.81
0.374 6.31574 -3.66894 -9.81
0.375 6.31207 -3.67875 -9.81
0.376 6.30839 -3.68856 -9.81
0.377 6.30471 -3.69837 -9.81
0.378 6.30101 -3.70818 -9.81
0.379 6.2973 -3.71799 -9.81
0.38 6.29358 -3.7278 -9.81
0.381 6.28985 -3.73761 -9.81
0.382 6.28612 -3.74742 -9.81
0.383 6.28237 -3.75723 -9.81
0.384 6.27861 -3.76704 -9.81
0.385 6.27484 -3.77685 -9.81
0.386 6.27107 -3.78666 -9.81
0.387 6.26728 -3.79647 -9.81
0.388 6.26348 -3.80628 -9.81
0.389 6.25968 -3.81609 -9.81
0.39 6.25586 -3.8259 -9.81
0.391 6.25204 -3.83571 -9.81
0.392 6.2482 -3.84552 -9.81
0.393 6.24436 -3.85533 -9.81
0.394 6.2405 -3.86514 -9.81
0.395 6.23663 -3.87495 -9.81
0.396 6.23276 -3.88476 -9.81
0.397 6.22888 -3.89457 -9.81
0.398 6.22498 -3.90438 -9.81
0.399 6.22108 -3.91419 -9.81
0.4 6.21716 -3.924 -9.81
0.401 6.21324 -3.93381 -9.81
0.402 6.2093 -3.94362 -9.81
0.403 6.20536 -3.95343 -9.81
0.404 6.20141 -3.96324 -9.81
0.405 6.19744 -3.97305 -9.81
0.406 6.19347 -3.98286 -9.81
0.407 6.18949 -3.99267 -9.81
0.408 6.1855 -4.00248 -9.81
0.409 6.18149 -4.01229 -9.81
0.41 6.17748 -4.0221 -9.81
0.411 6.17346 -4.03191 -9.81
0.412 6.16943 -4.04172 -9.81
0.413 6.16538 -4.05153 -9.81
0.414 6.16133 -4.06134 -9.81
0.415 6.15727 -4.07115 -9.81
0.416 6.1532 -4.08096 -9.81
0.417 6.14912 -4.09077 -9.81
0.418 6.14503 -4.10058 -9.81
0.419 6.14093 -4.11039 -9.81
0.42 6.13682 -4.1202 -9.81
0.421 6.1327 -4.13001 -9.81
0.422 6.12857 -4.13982 -9.81
0.423 6.12443 -4.14963 -9.81
0.424 6.12028 -4.15944 -9.81
0.425 6.11612 -4.16925 -9.81
0.426 6.11195 -4.17906 -9.81
0.427 6.10777 -4.18887 -9.81
0.428 6.10358 -4.19868 -9.81
0.429 6.09938 -4.20849 -9.81
0.43 6.09517 -4.2183 -9.81
0.431 6.09096 -4.22811 -9.81
0.432 6.08673 -4.23792 -9.81
0.433 6.08249 -4.24773 -9.81
0.434 6.07824 -4.25754 -9.81
0.435 6.07399 -4.26735 -9.81
0.436 6.06972 -4.27716 -9.81
0.437 6.06544 -4.28697 -9.81
0.438 6.06115 -4.29678 -9.81
0.439 6.05686 -4.30659 -9.81
0.44 6.05255 -4.3164 -9.81
0.441 6.04823 -4.32621 -9.81
0.442 6.04391 -4.33602 -9.81
0.443 6.03957 -4.34583 -9.81
0.444 6.03523 -4.35564 -9.81
0.445 6.03087 -4.36545 -9.81
0.446 6.0265 -4.37526 -9.81
0.447 6.02213 -4.38507 -9.81
0.448 6.01774 -4.39488 -9.81
0.449 6.01335 -4.40469 -9.81
0.45 6.00894 -4.4145 -9.81
0.451 6.00453 -4.42431 -9.81
0.452 6.00011 -4.43412 -9.81
0.453 5.99567 -4.44393 -9.81
0.454 5.99123 -4.45374 -9.81
0.455 5.98677 -4.46355 -9.81
0.456 5.98231 -4.47336 -9.81
0.457 5.97784 -4.48317 -9.81
0.458 5.97335 -4.49298 -9.81
0.459 5.96886 -4.50279 -9.81
0.46 5.96436 -4.5126 -9.81
0.461 5.95985 -4.52241 -9.81
0.462 5.95532 -4.53222 -9.81
0.463 5.95079 -4.54203 -9.81
0.464 5.94625 -4.55184 -9.81
0.465 5.9417 -4.56165 -9.81
0.466 5.93714 -4.57146 -9.81
0.467 5.93256 -4.58127 -9.81
0.468 5.92798 -4.59108 -9.81
0.469 5.92339 -4.60089 -9.81
0.47 5.91879 -4.6107 -9.81
0.471 5.91418 -4.62051 -9.81
0.472 5.90956 -4.63032 -9.81
0.473 5.90493 -4.64013 -9.81
0.474 5.90029 -4.64994 -9.81
0.475 5.89564 -4.65975 -9.81
0.476 5.89098 -4.66956 -9.81
0.477 5.88631 -4.67937 -9.81
0.478 5.88163 -4.68918 -9.81
0.479 5.87694 -4.69899 -9.81
0.48 5.87224 -4.7088 -9.81
0.481 5.86753 -4.71861 -9.81
0.482 5.86281 -4.72842 -9.81
0.483 5.85809 -4.73823 -9.81
0.484 5.85335 -4.74804 -9.81
0.485 5.8486 -4.75785 -9.81
0.486 5.84384 -4.76766 -9.81
0.487 5.83907 -4.77747 -9.81
0.488 5.8343 -4.78728 -9.81
0.489 5.82951 -4.79709 -9.81
0.49 5.82471 -4.8069 -9.81
0.491 5.81991 -4.81671 -9.81
0.492 5.81509 -4.82652 -9.81
0.493 5.81026 -4.83633 -9.81
0.494 5.80543 -4.84614 -9.81
0.495 5.80058 -4.85595 -9.81
0.496 5.79572 -4.86576 -9.81
0.497 5.79086 -4.87557 -9.81
0.498 5.78598 -4.88538 -9.81
0.499 5.7811 -4.89519 -9.81
0.5 5.7762 -4.905 -9.81
0.501 5.7713 -4.91481 -9.81
0.502 5.76638 -4.92462 -9.81
0.503 5.76146 -4.93443 -9.81
0.504 5.75652 -4.94424 -9.81
0.505 5.75158 -4.95405 -9.81
0.506 5.74663 -4.96386 -9.81
0.507 5.74166 -4.97367 -9.81
0.508 5.73669 -4.98348 -9.81
0.509 5.7317 -4.99329 -9.81
0.51 5.72671 -5.0031 -9.81
0.511 5.72171 -5.01291 -9.81
0.512 5.7167 -5.02272 -9.81
0.513 5.71167 -5.03253 -9.81
0.514 5.70664 -5.04234 -9.81
0.515 5.7016 -5.05215 -9.81
0.516 5.69655 -5.06196 -9.81
0.517 5.69148 -5.07177 -9.81
0.518 5.68641 -5.08158 -9.81
0.519 5.68133 -5.09139 -9.81
0.52 5.67624 -5.1012 -9.81
0.521 5.67114 -5.11101 -9.81
0.522 5.66603 -5.12082 -9.81
0.523 5.66091 -5.13063 -9.81
0.524 5.65577 -5.14044 -9.81
0.525 5.65063 -5.15025 -9.81
0.526 5.64548 -5.16006 -9.81
0.527 5.64032 -5.16987 -9.81
0.528 5.63515 -5.17968 -9.81
0.529 5.62997 -5.18949 -9.81
0.53 5.62479 -5.1993 -9.81
0.531 5.61959 -5.20911 -9.81
0.532 5.61438 -5.21892 -9.81
0.533 5.60916 -5.22873 -9.81
0.534 5.60393 -5.23854 -9.81
0.535 5.59869 -5.24835 -9.81
0.536 5.59344 -5.25816 -9.81
0.537 5.58818 -5.26797 -9.81
0.538 5.58292 -5.27778 -9.81
0.539 5.57764 -5.28759 -9.81
0.54 5.57235 -5.2974 -9.81
0.541 5.56705 -5.30721 -9.81
0.542 5.56175 -5.31702 -9.81
0.543 5.55643 -5.32683 -9.81
0.544 5.5511 -5.33664 -9.81
0.545 5.54577 -5.34645 -9.81
0.546 5.54042 -5.35626 -9.81
0.547 5.53506 -5.36607 -9.81
0.548 5.5297 -5.37588 -9.81
0.549 5.52432 -5.38569 -9.81
0.55 5.51894 -5.3955 -9.81
0.551 5.51354 -5.40531 -9.81
0.552 5.50813 -5.41512 -9.81
0.553 5.50272 -5.42493 -9.81
0.554 5.49729 -5.43474 -9.81
0.555 5.49186 -5.44455 -9.81
0.556 5.48642 -5.45436 -9.81
0.557 5.48096 -5.46417 -9.81
0.558 5.4755 -5.47398 -9.81
0.559 5.47002 -5.48379 -9.81
0.56 5.46454 -5.4936 -9.81
0.561 5.45905 -5.50341 -9.81
0.562 5.45354 -5.51322 -9.81
0.563 5.44803 -5.52303 -9.81
0.564 5.44251 -5.53284 -9.81
0.565 5.43697 -5.54265 -9.81
0.566 5.43143 -5.55246 -9.81
0.567 5.42588 -5.56227 -9.81
0.568 5.42032 -5.57208 -9.81
0.569 5.41474 -5.58189 -9.81
0.57 5.40916 -5.5917 -9.81
0.571 5.40357 -5.60151 -9.81
0.572 5.39797 -5.61132 -9.81
0.573 5.39236 -5.62113 -9.81
0.574 5.38674 -5.63094 -9.81
0.575 5.3811 -5.64075 -9.81
0.576 5.37546 -5.65056 -9.81
0.577 5.36981 -5.66037 -9.81
0.578 5.36415 -5.67018 -9.81
0.579 5.35848 -5.67999 -9.81
0.58 5.3528 -5.6898 -9.81
0.581 5.34711 -5.69961 -9.81
0.582 5.34141 -5.70942 -9.81
0.583 5.3357 -5.71923 -9.81
0.584 5.32998 -5.72904 -9.81
0.585 5.32426 -5.73885 -9.81
0.586 5.31852 -5.74866 -9.81
0.587 5.31277 -5.75847 -9.81
0.588 5.30701 -5.76828 -9.81
0.589 5.30124 -5.77809 -9.81
0.59 5.29546 -5.7879 -9.81
0.591 5.28968 -5.79771 -9.81
0.592 5.28388 -5.80752 -9.81
0.593 5.27807 -5.81733 -9.81
0.594 5.27225 -5.82714 -9.81
0.595 5.26643 -5.83695 -9.81
0.596 5.26059 -5.84676 -9.81
0.597 5.25474 -5.85657 -9.81
0.598 5.24889 -5.86638 -9.81
0.599 5.24302 -5.87619 -9.81
0.6 5.23714 -5.886 -9.81
0.601 5.23126 -5.89581 -9.81
0.602 5.22536 -5.90562 -9.81
0.603 5.21946 -5.91543 -9.81
0.604 5.21354 -5.92524 -9.81
0.605 5.20761 -5.93505 -9.81
0.606 5.20168 -5.94486 -9.81
0.607 5.19573 -5.95467 -9.81
0.608 5.18978 -5.96448 -9.81
0.609 5.18382 -5.97429 -9.81
0.61 5.17784 -5.9841 -9.81
0.611 5.17186 -5.99391 -9.81
0.612 5.16586 -6.00372 -9.81
0.613 5.15986 -6.01353 -9.81
0.614 5.15385 -6.02334 -9.81
0.615 5.14782 -6.03315 -9.81
0.616 5.14179 -6.04296 -9.81
0.617 5.13575 -6.05277 -9.81
0.618 5.12969 -6.06258 -9.81
0.619 5.12363 -6.07239 -9.81
0.62 5.11756 -6.0822 -9.81
0.621 5.11148 -6.09201 -9.81
0.622 5.10538 -6.10182 -9.81
0.623 5.09928 -6.11163 -9.81
0.624 5.09317 -6.12144 -9.81
0.625 5.08705 -6.13125 -9.81
0.626 5.08092 -6.14106 -9.81
0.627 5.07478 -6.15087 -9.81
0.628 5.06863 -6.16068 -9.81
0.629 5.06247 -6.17049 -9.81
0.63 5.0563 -6.1803 -9.81
0.631 5.05012 -6.19011 -9.81
0.632 5.04393 -6.19992 -9.81
0.633 5.03773 -6.20973 -9.81
0.634 5.03152 -6.21954 -9.81
0.635 5.0253 -6.22935 -9.81
0.636 5.01907 -6.23916 -9.81
0.637 5.01283 -6.24897 -9.81
0.638 5.00658 -6.25878 -9.81
0.639 5.00032 -6.26859 -9.81
0.64 4.99405 -6.2784 -9.81
0.641 4.98777 -6.28821 -9.81
0.642 4.98148 -6.29802 -9.81
0.643 4.97519 -6.30783 -9.81
0.644 4.96888 -6.31764 -9.81
0.645 4.96256 -6.32745 -9.81
0.646 4.95623 -6.33726 -9.81
0.647 4.9499 -6.34707 -9.81
0.648 4.94355 -6.35688 -9.81
0.649 4.93719 -6.36669 -9.81
0.65 4.93083 -6.3765 -9.81
0.651 4.92445 -6.38631 -9.81
0.652 4.91806 -6.39612 -9.81
0.653 4.91167 -6.40593 -9.81
0.654 4.90526 -6.41574 -9.81
0.655 4.89885 -6.42555 -9.81
0.656 4.89242 -6.43536 -9.81
0.657 4.88598 -6.44517 -9.81
0.658 4.87954 -6.45498 -9.81
0.659 4.87308 -6.46479 -9.81
0.66 4.86662 -6.4746 -9.81
0.661 4.86014 -6.48441 -9.81
0.662 4.85366 -6.49422 -9.81
0.663 4.84717 -6.50403 -9.81
0.664 4.84066 -6.51384 -9.81
0.665 4.83415 -6.52365 -9.81
0.666 4.82762 -6.53346 -9.81
0.667 4.82109 -6.54327 -9.81
0.668 4.81455 -6.55308 -9.81
0.669 4.80799 -6.56289 -9.81
0.67 4.80143 -6.5727 -9.81
0.671 4.79486 -6.58251 -9.81
0.672 4.78828 -6.59232 -9.81
0.673 4.78168 -6.60213 -9.81
0.674 4.77508 -6.61194 -9.81
0.675 4.76847 -6.62175 -9.81
0.676 4.76185 -6.63156 -9.81
0.677 4.75522 -6.64137 -9.81
0.678 4.74858 -6.65118 -9.81
0.679 4.74192 -6.66099 -9.81
0.68 4.73526 -6.6708 -9.81
0.681 4.72859 -6.68061 -9.81
0.682 4.72191 -6.69042 -9.81
0.683 4.71522 -6.70023 -9.81
0.684 4.70852 -6.71004 -9.81
0.685 4.70181 -6.71985 -9.81
0.686 4.69509 -6.72966 -9.81
0.687 4.68836 -6.73947 -9.81
0.688 4.68162 -6.74928 -9.81
0.689 4.67487 -6.75909 -9.81
0.69 4.66811 -6.7689 -9.81
0.691 4.66135 -6.77871 -9.81
0.692 4.65457 -6.78852 -9.81
0.693 4.64778 -6.79833 -9.81
0.694 4.64098 -6.80814 -9.81
0.695 4.63417 -6.81795 -9.81
0.696 4.62735 -6.82776 -9.81
0.697 4.62053 -6.83757 -9.81
0.698 4.61369 -6.84738 -9.81
0.699 4.60684 -6.85719 -9.81
0.7 4.59998 -6.867 -9.81
0.701 4.59312 -6.87681 -9.81
0.702 4.58624 -6.88662 -9.81
0.703 4.57935 -6.89643 -9.81
0.704 4.57246 -6.90624 -9.81
0.705 4.56555 -6.91605 -9.81
0.706 4.55863 -6.92586 -9.81
0.707 4.55171 -6.93567 -9.81
0.708 4.54477 -6.94548 -9.81
0.709 4.53783 -6.95529 -9.81
0.71 4.53087 -6.9651 -9.81
0.711 4.52391 -6.97491 -9.81
0.712 4.51693 -6.98472 -9.81
0.713 4.50995 -6.99453 -9.81
0.714 4.50295 -7.00434 -9.81
0.715 4.49595 -7.01415 -9.81
0.716 4.48893 -7.02396 -9.81
0.717 4.48191 -7.03377 -9.81
0.718 4.47488 -7.04358 -9.81
0.719 4.46783 -7.05339 -9.81
0.72 4.46078 -7.0632 -9.81
0.721 4.45372 -7.07301 -9.81
0.722 4.44664 -7.08282 -9.81
0.723 4.43956 -7.09263 -9.81
0.724 4.43247 -7.10244 -9.81
0.725 4.42537 -7.11225 -9.81
0.726 4.41825 -7.12206 -9.81
0.727 4.41113 -7.13187 -9.81
0.728 4.404 -7.14168 -9.81
0.729 4.39686 -7.15149 -9.81
0.73 4.38971 -7.1613 -9.81
0.731 4.38254 -7.17111 -9.81
0.732 4.37537 -7.18092 -9.81
0.733 4.36819 -7.19073 -9.81
0.734 4.361 -7.20054 -9.81
0.735 4.3538 -7.21035 -9.81
0.736 4.34659 -7.22016 -9.81
0.737 4.33937 -7.22997 -9.81
0.738 4.33214 -7.23978 -9.81
0.739 4.3249 -7.24959 -9.81
0.74 4.31765 -7.2594 -9.81
0.741 4.31039 -7.26921 -9.81
0.742 4.30312 -7.27902 -9.81
0.743 4.29584 -7.28883 -9.81
0.744 4.28856 -7.29864 -9.81
0.745 4.28126 -7.30845 -9.81
0.746 4.27395 -7.31826 -9.81
0.747 4.26663 -7.32807 -9.81
0.748 4.2593 -7.33788 -9.81
0.749 4.25196 -7.34769 -9.81
0.75 4.24462 -7.3575 -9.81
0.751 4.23726 -7.36731 -9.81
0.752 4.22989 -7.37712 -9.81
0.753 4.22251 -7.38693 -9.81
0.754 4.21513 -7.39674 -9.81
0.755 4.20773 -7.40655 -9.81
0.756 4.20032 -7.41636 -9.81
0.757 4.19291 -7.42617 -9.81
0.758 4.18548 -7.43598 -9.81
0.759 4.17805 -7.44579 -9.81
0.76 4.1706 -7.4556 -9.81
0.761 4.16314 -7.46541 -9.81
0.762 4.15568 -7.47522 -9.81
0.763 4.1482 -7.48503 -9.81
0.764 4.14072 -7.49484 -9.81
0.765 4.13322 -7.50465 -9.81
0.766 4.12572 -7.51446 -9.81
0.767 4.1182 -7.52427 -9.81
0.768 4.11068 -7.53408 -9.81
0.769 4.10315 -7.54389 -9.81
0.77 4.0956 -7.5537 -9.81
0.771 4.08805 -7.56351 -9.81
0.772 4.08049 -7.57332 -9.81
0.773 4.07291 -7.58313 -9.81
0.774 4.06533 -7.59294 -9.81
0.775 4.05774 -7.60275 -9.81
0.776 4.05013 -7.61256 -9.81
0.777 4.04252 -7.62237 -9.81
0.778 4.0349 -7.63218 -9.81
0.779 4.02727 -7.64199 -9.81
0.78 4.01962 -7.6518 -9.81
0.781 4.01197 -7.66161 -9.81
0.782 4.00431 -7.67142 -9.81
0.783 3.99664 -7.68123 -9.81
0.784 3.98896 -7.69104 -9.81
0.785 3.98127 -7.70085 -9.81
0.786 3.97357 -7.71066 -9.81
0.787 3.96586 -7.72047 -9.81
0.788 3.95813 -7.73028 -9.81
0.789 3.9504 -7.74009 -9.81
0.79 3.94266 -7.7499 -9.81
0.791 3.93491 -7.75971 -9.81
0.792 3.92715 -7.76952 -9.81
0.793 3.91939 -7.77933 -9.81
0.794 3.91161 -7.78914 -9.81
0.795 3.90382 -7.79895 -9.81
0.796 3.89602 -7.80876 -9.81
0.797 3.88821 -7.81857 -9.81
0.798 3.88039 -7.82838 -9.81
0.799 3.87256 -7.83819 -9.81
0.8 3.86472 -7.848 -9.81
0.801 3.85688 -7.85781 -9.81
0.802 3.84902 -7.86762 -9.81
0.803 3.84115 -7.87743 -9.81
0.804 3.83327 -7.88724 -9.81
0.805 3.82539 -7.89705 -9.81
0.806 3.81749 -7.90686 -9.81
0.807 3.80958 -7.91667 -9.81
0.808 3.80167 -7.92648 -9.81
0.809 3.79374 -7.93629 -9.81
0.81 3.7858 -7.9461 -9.81
0.811 3.77786 -7.95591 -9.81
0.812 3.7699 -7.96572 -9.81
0.813 3.76193 -7.97553 -9.81
0.814 3.75396 -7.98534 -9.81
0.815 3.74597 -7.99515 -9.81
0.816 3.73798 -8.00496 -9.81
0.817 3.72997 -8.01477 -9.81
0.818 3.72196 -8.02458 -9.81
0.819 3.71393 -8.03439 -9.81
0.82 3.7059 -8.0442 -9.81
0.821 3.69786 -8.05401 -9.81
0.822 3.6898 -8.06382 -9.81
0.823 3.68174 -8.07363 -9.81
0.824 3.67366 -8.08344 -9.81
0.825 3.66558 -8.09325 -9.81
0.826 3.65749 -8.10306 -9.81
0.827 3.64938 -8.11287 -9.81
0.828 3.64127 -8.12268 -9.81
0.829 3.63315 -8.13249 -9.81
0.83 3.62502 -8.1423 -9.81
0.831 3.61687 -8.15211 -9.81
0.832 3.60872 -8.16192 -9.81
0.833 3.60056 -8.17173 -9.81
0.834 3.59239 -8.18154 -9.81
0.835 3.58421 -8.19135 -9.81
0.836 3.57602 -8.20116 -9.81
0.837 3.56781 -8.21097 -9.81
0.838 3.5596 -8.22078 -9.81
0.839 3.55138 -8.23059 -9.81
0.84 3.54315 -8.2404 -9.81
0.841 3.53491 -8.25021 -9.81
0.842 3.52666 -8.26002 -9.81
0.843 3.5184 -8.26983 -9.81
0.844 3.51013 -8.27964 -9.81
0.845 3.50185 -8.28945 -9.81
0.846 3.49356 -8.29926 -9.81
0.847 3.48526 -8.30907 -9.81
0.848 3.47695 -8.31888 -9.81
0.849 3.46864 -8.32869 -9.81
0.85 3.46031 -8.3385 -9.81
0.851 3.45197 -8.34831 -9.81
0.852 3.44362 -8.35812 -9.81
0.853 3.43526 -8.36793 -9.81
0.854 3.42689 -8.37774 -9.81
0.855 3.41852 -8.38755 -9.81
0.856 3.41013 -8.39736 -9.81
0.857 3.40173 -8.40717 -9.81
0.858 3.39332 -8.41698 -9.81
0.859 3.38491 -8.42679 -9.81
0.86 3.37648 -8.4366 -9.81
0.861 3.36804 -8.44641 -9.81
0.862 3.3596 -8.45622 -9.81
0.863 3.35114 -8.46603 -9.81
0.864 3.34268 -8.47584 -9.81
0.865 3.3342 -8.48565 -9.81
0.866 3.32571 -8.49546 -9.81
0.867 3.31722 -8.50527 -9.81
0.868 3.30871 -8.51508 -9.81
0.869 3.3002 -8.52489 -9.81
0.87 3.29167 -8.5347 -9.81
0.871 3.28314 -8.54451 -9.81
0.872 3.27459 -8.55432 -9.81
0.873 3.26604 -8.56413 -9.81
0.874 3.25748 -8.57394 -9.81
0.875 3.2489 -8.58375 -9.81
0.876 3.24032 -8.59356 -9.81
0.877 3.23172 -8.60337 -9.81
0.878 3.22312 -8.61318 -9.81
0.879 3.21451 -8.62299 -9.81
0.88 3.20588 -8.6328 -9.81
0.881 3.19725 -8.64261 -9.81
0.882 3.18861 -8.65242 -9.81
0.883 3.17996 -8.66223 -9.81
0.884 3.17129 -8.67204 -9.81
0.885 3.16262 -8.68185 -9.81
0.886 3.15394 -8.69166 -9.81
0.887 3.14525 -8.70147 -9.81
0.888 3.13655 -8.71128 -9.81
0.889 3.12784 -8.72109 -9.81
0.89 3.11911 -8.7309 -9.81
0.891 3.11038 -8.74071 -9.81
0.892 3.10164 -8.75052 -9.81
0.893 3.09289 -8.76033 -9.81
0.894 3.08413 -8.77014 -9.81
0.895 3.07536 -8.77995 -9.81
0.896 3.06658 -8.78976 -9.81
0.897 3.05779 -8.79957 -9.81
0.898 3.04899 -8.80938 -9.81
0.899 3.04018 -8.81919 -9.81
0.9 3.03136 -8.829 -9.81
0.901 3.02254 -8.83881 -9.81
0.902 3.0137 -8.84862 -9.81
0.903 3.00485 -8.85843 -9.81
0.904 2.99599 -8.86824 -9.81
0.905 2.98712 -8.87805 -9.81
0.906 2.97824 -8.88786 -9.81
0.907 2.96936 -8.89767 -9.81
0.908 2.96046 -8.90748 -9.81
0.909 2.95155 -8.91729 -9.81
0.91 2.94263 -8.9271 -9.81
0.911 2.93371 -8.93691 -9.81
0.912 2.92477 -8.94672 -9.81
0.913 2.91582 -8.95653 -9.81
0.914 2.90687 -8.96634 -9.81
0.915 2.8979 -8.97615 -9.81
0.916 2.88892 -8.98596 -9.81
0.917 2.87994 -8.99577 -9.81
0.918 2.87094 -9.00558 -9.81
0.919 2.86194 -9.01539 -9.81
0.92 2.85292 -9.0252 -9.81
0.921 2.8439 -9.03501 -9.81
0.922 2.83486 -9.04482 -9.81
0.923 2.82582 -9.05463 -9.81
0.924 2.81676 -9.06444 -9.81
0.925 2.8077 -9.07425 -9.81
0.926 2.79862 -9.08406 -9.81
0.927 2.78954 -9.09387 -9.81
0.928 2.78044 -9.10368 -9.81
0.929 2.77134 -9.11349 -9.81
0.93 2.76223 -9.1233 -9.81
0.931 2.7531 -9.13311 -9.81
0.932 2.74397 -9.14292 -9.81
0.933 2.73483 -9.15273 -9.81
0.934 2.72568 -9.16254 -9.81
0.935 2.71651 -9.17235 -9.81
0.936 2.70734 -9.18216 -9.81
0.937 2.69816 -9.19197 -9.81
0.938 2.68897 -9.20178 -9.81
0.939 2.67976 -9.21159 -9.81
0.94 2.67055 -9.2214 -9.81
0.941 2.66133 -9.23121 -9.81
0.942 2.6521 -9.24102 -9.81
0.943 2.64286 -9.25083 -9.81
0.944 2.63361 -9.26064 -9.81
0.945 2.62435 -9.27045 -9.81
0.946 2.61508 -9.28026 -9.81
0.947 2.6058 -9.29007 -9.81
0.948 2.59651 -9.29988 -9.81
0.949 2.58721 -9.30969 -9.81
0.95 2.5779 -9.3195 -9.81
0.951 2.56858 -9.32931 -9.81
0.952 2.55925 -9.33912 -9.81
0.953 2.54991 -9.34893 -9.81
0.954 2.54056 -9.35874 -9.81
0.955 2.5312 -9.36855 -9.81
0.956 2.52183 -9.37836 -9.81
0.957 2.51245 -9.38817 -9.81
0.958 2.50307 -9.39798 -9.81
0.959 2.49367 -9.40779 -9.81
0.96 2.48426 -9.4176 -9.81
0.961 2.47484 -9.42741 -9.81
0.962 2.46542 -9.43722 -9.81
0.963 2.45598 -9.44703 -9.81
0.964 2.44653 -9.45684 -9.81
0.965 2.43707 -9.46665 -9.81
0.966 2.42761 -9.47646 -9.81
0.967 2.41813 -9.48627 -9.81
0.968 2.40865 -9.49608 -9.81
0.969 2.39915 -9.50589 -9.81
0.97 2.38964 -9.5157 -9.81
0.971 2.38013 -9.52551 -9.81
0.972 2.3706 -9.53532 -9.81
0.973 2.36107 -9.54513 -9.81
0.974 2.35152 -9.55494 -9.81
0.975 2.34197 -9.56475 -9.81
0.976 2.3324 -9.57456 -9.81
0.977 2.32283 -9.58437 -9.81
0.978 2.31324 -9.59418 -9.81
0.979 2.30365 -9.60399 -9.81
0.98 2.29404 -9.6138 -9.81
0.981 2.28443 -9.62361 -9.81
0.982 2.27481 -9.63342 -9.81
0.983 2.26517 -9.64323 -9.81
0.984 2.25553 -9.65304 -9.81
0.985 2.24588 -9.66285 -9.81
0.986 2.23621 -9.67266 -9.81
0.987 2.22654 -9.68247 -9.81
0.988 2.21686 -9.69228 -9.81
0.989 2.20717 -9.70209 -9.81
0.99 2.19747 -9.7119 -9.81
0.991 2.18775 -9.72171 -9.81
0.992 2.17803 -9.73152 -9.81
0.993 2.1683 -9.74133 -9.81
0.994 2.15856 -9.75114 -9.81
0.995 2.14881 -9.76095 -9.81
0.996 2.13905 -9.77076 -9.81
0.997 2.12928 -9.78057 -9.81
0.998 2.1195 -9.79038 -9.81
0.999 2.10971 -9.80019 -9.81
1 2.09991 -9.81 -9.81
